6

6
Luke Skywalker
Obi Wan Kenobi
Darth Vader
Yoda
Chewie
Han Solo
1 2 3 4 5 6

6
Luke Skywalker
Obi Wan Kenobi
Darth Vader
Yoda
Chewie
Han Solo
1 2 3 4 5 6
2 1 3 4 5 6

3
Luke Skywalker
Obi Wan Kenobi
Darth Vader
1 2 3
3 2 1
2 1 3
3 2 1
1 2 3
2 1 3
1 2 3
1 2 3
3 2 1
3 1 2
1 2 3
3 2 1
2 1 3
3 2 1
1 2 3
2 1 3
1 2 3
1 2 3
3 2 1
3 1 2
1 2 3
3 2 1
2 1 3
3 2 1
1 2 3
2 1 3
1 2 3
1 2 3
3 2 1
3 1 2
1 2 3
3 2 1
2 1 3
3 2 1
1 2 3
2 1 3
1 2 3
1 2 3
3 2 1
3 1 2
1 2 3
3 2 1
2 1 3
3 2 1
1 2 3
2 1 3
1 2 3
1 2 3
3 2 1
3 1 2
3 1 2 
3 2 1
3 1 2
1 2 3
1 2 3
3 2 1
3 1 2
1 2 3
3 2 1
2 1 3
3 2 1
1 2 3
2 1 3
1 2 3
1 2 3
3 2 1
3 1 2
1 2 3
3 2 1
2 1 3
3 2 1
1 2 3
2 1 3
1 2 3
1 2 3
3 2 1
3 1 2
1 2 3
3 2 1
2 1 3
3 2 1
1 2 3
2 1 3
1 2 3
1 2 3
3 2 1
3 1 2
1 2 3
3 2 1
2 1 3
3 2 1
1 2 3
2 1 3
1 2 3
1 2 3
3 2 1
3 1 2
3 1 2 
3 2 1
3 1 2
3 1 2
3 2 1
2 3 1
2 3 1
3 1 2
3 2 1
3 1 2
3 1 2 
3 2 1
3 1 2
3 1 2
3 2 1
3 2 1
3 1 2
3 1 2 
3 2 1
3 1 2
3 1 2
3 2 1

5
Luke Skywalker
Obi Wan Kenobi
Darth Vader
Yoda
Chewie
1 2 3 4 5
2 3 4 5 1
3 4 5 1 2
4 5 1 2 3
5 4 3 2 1
1 5 4 3 2
4 2 1 3 5
4 2 1 5 3
4 1 3 4 5
1 5 4 3 2
4 2 1 3 5
4 2 1 5 3
4 1 3 4 5
3 4 5 1 2
4 5 1 2 3
5 4 3 2 1
1 5 4 3 2
4 2 1 3 5
1 2 5 4 3
2 1 3 4 5
1 2 3 4 5
2 3 4 5 1
3 4 5 1 2
4 5 1 2 3
5 4 3 2 1
1 5 4 3 2
4 2 1 3 5
4 2 1 5 3
4 1 3 4 5
1 5 4 3 2
4 2 1 3 5
4 2 1 5 3
4 1 3 4 5
3 4 5 1 2
4 5 1 2 3
5 4 3 2 1
1 5 4 3 2
4 2 1 3 5
1 2 5 4 3
5 4 3 2 1
1 5 4 3 2
4 2 1 3 5
2 1 3 4 5
4 1 3 4 5
1 5 4 3 2
4 2 1 3 5
4 2 1 5 3
4 1 3 4 5
3 4 5 1 2
5 4 3 2 1
1 5 4 3 2
4 2 1 3 5
4 5 1 2 3
5 4 3 2 1
1 5 4 3 2
5 4 3 2 1
1 5 4 3 2
4 2 1 3 5
1 2 3 4 5
2 3 4 5 1
3 4 5 1 2
4 5 1 2 3
5 4 3 2 1
1 5 4 3 2
4 2 1 3 5
4 2 1 5 3
4 1 3 4 5
1 5 4 3 2
4 2 1 3 5
4 2 1 5 3
4 1 3 4 5
3 4 5 1 2
4 5 1 2 3
5 4 3 2 1
1 5 4 3 2
4 2 1 3 5
1 2 5 4 3
2 1 3 4 5
1 2 3 4 5
2 3 4 5 1
3 4 5 1 2
4 5 1 2 3
5 4 3 2 1
1 5 4 3 2
4 2 1 3 5
4 2 1 5 3
4 1 3 4 5
1 5 4 3 2
4 2 1 3 5
4 2 1 5 3
4 1 3 4 5
3 4 5 1 2
4 5 1 2 3
5 4 3 2 1
1 5 4 3 2
4 2 1 3 5
1 2 5 4 3
5 4 3 2 1
1 5 4 3 2
4 2 1 3 5
2 1 3 4 5
4 1 3 4 5
1 5 4 3 2
4 2 1 3 5
4 2 1 5 3
4 1 3 4 5
3 4 5 1 2
5 4 3 2 1
1 5 4 3 2
4 2 1 3 5
4 5 1 2 3
5 4 3 2 1
1 5 4 3 2
5 4 3 2 1
1 5 4 3 2
4 2 1 3 5
4 5 1 2 3
5 4 3 2 1
1 5 4 3 2
5 4 3 2 1
1 5 4 3 2
4 2 1 3 5
1 2 3 4 5
2 3 4 5 1
3 4 5 1 2
4 5 1 2 3
1 2 3 4 5
2 3 4 5 1
3 4 5 1 2
4 5 1 2 3
5 4 3 2 1
1 5 4 3 2
4 2 1 3 5
4 2 1 5 3
4 1 3 4 5
1 5 4 3 2
4 2 1 3 5
4 2 1 5 3
4 1 3 4 5
3 4 5 1 2
4 5 1 2 3
5 4 3 2 1
1 5 4 3 2
4 2 1 3 5
1 2 5 4 3
2 1 3 4 5
1 2 3 4 5
2 3 4 5 1
3 4 5 1 2
4 5 1 2 3
5 4 3 2 1
1 5 4 3 2
4 2 1 3 5
4 2 1 5 3
4 1 3 4 5
1 5 4 3 2
4 2 1 3 5
4 2 1 5 3
4 1 3 4 5
3 4 5 1 2
4 5 1 2 3
5 4 3 2 1
1 5 4 3 2
4 2 1 3 5
1 2 5 4 3
5 4 3 2 1
1 5 4 3 2
4 2 1 3 5
2 1 3 4 5
4 1 3 4 5
1 5 4 3 2
4 2 1 3 5
4 2 1 5 3
4 1 3 4 5
3 4 5 1 2
5 4 3 2 1
1 5 4 3 2
4 2 1 3 5
4 5 1 2 3
5 4 3 2 1
1 5 4 3 2
5 4 3 2 1
1 5 4 3 2
4 2 1 3 5
1 2 3 4 5
2 3 4 5 1
3 4 5 1 2
4 5 1 2 3
5 4 3 2 1
1 5 4 3 2
4 2 1 3 5
4 2 1 5 3
4 1 3 4 5
1 5 4 3 2
4 2 1 3 5
4 2 1 5 3
4 1 3 4 5
3 4 5 1 2
4 5 1 2 3
5 4 3 2 1
1 5 4 3 2
4 2 1 3 5
1 2 5 4 3
2 1 3 4 5
1 2 3 4 5
2 3 4 5 1
3 4 5 1 2
4 5 1 2 3
5 4 3 2 1
1 5 4 3 2
4 2 1 3 5
4 2 1 5 3
4 1 3 4 5
1 5 4 3 2
4 2 1 3 5
4 2 1 5 3
4 1 3 4 5
3 4 5 1 2
4 5 1 2 3
5 4 3 2 1
1 5 4 3 2
4 2 1 3 5
1 2 5 4 3
5 4 3 2 1
1 5 4 3 2
4 2 1 3 5
2 1 3 4 5
4 1 3 4 5
1 5 4 3 2
4 2 1 3 5
4 2 1 5 3
4 1 3 4 5
3 4 5 1 2
5 4 3 2 1
1 5 4 3 2
4 2 1 3 5
4 5 1 2 3
5 4 3 2 1
1 5 4 3 2
5 4 3 2 1
1 5 4 3 2
4 2 1 3 5
4 5 1 2 3
5 4 3 2 1
1 5 4 3 2
5 4 3 2 1
1 5 4 3 2
4 2 1 3 5
1 2 3 4 5
2 3 4 5 1
3 4 5 1 2
4 5 1 2 3

6
Luke Skywalker
Obi Wan Kenobi
Darth Vader
Yoda
Chewie
Han Solo
3 6 4 5 1 2
6 4 5 1 2 3
5 4 3 2 1 6
5 6 4 3 2 1
1 5 4 3 6 2
4 2 1 3 6 5
1 6 2 5 4 3
5 4 3 2 1 6
1 5 4 6 3 2
4 2 1 3 6 5
2 6 1 3 4 5
4 1 6 3 4 5
6 1 5 4 3 2
5 2 1 6 3 4
4 2 1 5 6 3
5 1 2 3 4 6
5 4 3 2 1 6
1 5 4 6 3 2
4 1 3 4 5 6
5 1 2 3 4 6
5 4 3 2 1 6
3 6 4 5 1 2
6 4 5 1 2 3
5 4 3 2 1 6
5 6 4 3 2 1
1 5 4 3 6 2
4 2 1 3 6 5
1 6 2 5 4 3
5 4 3 2 1 6
1 5 4 6 3 2
4 2 1 3 6 5
2 6 1 3 4 5
4 1 6 3 4 5
6 1 5 4 3 2
4 2 1 6 3 5
4 2 1 5 6 3
5 1 2 3 4 6
5 1 2 3 4 6
5 4 3 2 1 6
5 4 3 2 1 6
1 5 4 6 3 2
5 1 2 3 4 6
5 4 3 2 1 6
5 1 2 3 4 6
5 4 3 2 1 6
5 1 2 3 4 6
5 4 3 2 1 6
4 1 3 4 5 6
3 6 4 5 1 2
6 4 5 1 2 3
5 4 3 2 1 6
5 6 4 3 2 1
1 5 4 3 6 2
4 2 1 3 6 5
1 6 2 5 4 3
5 4 3 2 1 6
1 5 4 6 3 2
4 2 1 3 6 5
2 6 1 3 4 5
4 1 6 3 4 5
5 1 2 3 4 6
5 4 3 2 1 6
6 1 5 4 3 2
4 2 1 6 3 5
4 2 1 5 6 3
5 1 2 3 4 6
5 4 3 2 1 6
1 5 4 6 3 2
3 6 4 5 1 2
6 4 5 1 2 3
5 4 3 2 1 6
5 6 4 3 2 1
1 5 4 3 6 2
4 2 1 3 6 5
1 6 2 5 4 3
5 4 3 2 1 6
1 5 4 6 3 2
5 4 3 2 1 6
1 5 4 6 3 2
4 1 3 4 5 6
3 6 4 5 1 2
6 4 5 1 2 3
5 4 3 2 1 6
5 6 4 3 2 1
1 5 4 3 6 2
4 2 1 3 6 5
1 6 2 5 4 3
5 4 3 2 1 6
1 5 4 6 3 2
4 2 1 3 6 5
2 6 1 3 4 5
4 1 6 3 4 5
6 1 5 4 3 2
1 5 4 6 3 2
4 2 1 3 6 5
2 6 1 3 4 5
4 1 6 3 4 5
6 1 5 4 3 2
4 1 3 4 5 6
3 6 4 5 1 2
6 4 5 1 2 3
5 4 3 2 1 6
5 6 4 3 2 1
1 5 4 3 6 2
4 2 1 3 6 5
1 6 2 5 4 3
5 4 3 2 1 6
1 5 4 6 3 2
4 2 1 3 6 5
2 6 1 3 4 5
4 1 6 3 4 5
6 1 5 4 3 2
4 2 1 6 3 5
4 2 1 5 6 3
5 1 2 3 4 6
5 4 3 2 1 6
1 5 4 6 3 2
4 1 3 4 5 6
3 6 4 5 1 2
6 4 5 1 2 3
5 4 3 2 1 6
5 6 4 3 2 1
1 5 4 3 6 2
4 2 1 3 6 2
5 1 2 3 4 6
5 4 3 2 1 6
5 1 2 3 4 6
5 4 3 2 1 6
5 1 2 3 4 6
1 6 2 5 4 3
5 4 3 2 1 6
1 5 4 6 3 2
4 2 1 3 6 5
2 6 1 3 4 5
4 1 6 3 4 5
6 1 5 4 3 2
4 2 1 6 3 5
4 2 1 5 6 3
5 1 2 3 4 6
5 4 3 2 1 6
1 5 4 6 3 2
4 1 3 4 5 6
3 6 4 5 1 2
6 4 5 1 2 3
5 4 3 2 1 6
5 6 4 3 2 1
1 5 4 3 6 2
4 2 1 3 6 5
1 6 2 5 4 3
5 4 3 2 1 6
1 5 4 6 3 2
4 2 1 3 6 5
2 6 1 3 4 5
4 1 6 3 4 5
6 1 5 4 3 2
4 2 1 6 3 5
4 2 1 5 6 3
5 1 2 3 4 6
5 4 3 2 1 6
1 5 4 6 3 2
3 6 4 5 1 2
6 4 5 1 2 3
5 4 3 2 1 6
5 6 4 3 2 1
1 5 4 3 6 2
4 2 1 3 6 5
1 6 2 5 4 3
5 4 3 2 1 6
5 6 4 3 2 1
5 4 3 2 1 6
5 6 4 3 2 1
1 5 4 6 3 2
5 4 3 2 1 6
1 5 4 6 3 2
4 1 3 4 5 6
3 6 4 5 1 2
6 4 5 1 2 3
5 4 3 2 1 6
5 6 4 3 2 1
1 5 4 3 6 2
4 2 1 3 6 5
1 6 2 5 4 3
5 4 3 2 1 6
1 5 4 6 3 2
4 2 1 3 6 5
2 6 1 3 4 5
4 1 6 3 4 5
6 1 5 4 3 2
1 5 4 6 3 2
4 2 1 3 6 5
2 6 1 3 4 5
4 1 6 3 4 5
6 1 5 4 3 2
4 1 6 3 4 5
6 1 5 4 3 2
4 2 1 6 3 5
4 2 1 5 6 3
5 1 2 3 4 6
5 4 3 2 1 6
1 5 4 6 3 2
3 6 4 5 1 2
5 1 2 3 4 6
5 4 3 2 1 6
5 1 2 3 4 6
5 4 3 2 1 6
5 1 2 3 4 6
6 4 5 1 2 3
5 4 3 2 1 6
5 6 4 3 2 1
1 5 4 3 6 2
4 2 1 3 6 5
1 6 2 5 4 3
1 5 4 3 6 2
4 2 1 3 6 5
1 6 2 5 4 3
5 4 3 2 1 6
2 6 1 3 4 5
4 1 6 3 4 5
6 1 5 4 3 2
1 5 4 6 3 2
4 2 1 3 6 5
2 6 1 3 4 5
4 1 6 3 4 5
6 1 5 4 3 2
4 1 6 3 4 5
6 1 5 4 3 2
4 2 1 6 3 5
5 6 4 3 2 1
5 4 3 2 1 6
5 6 4 3 2 1
4 2 1 5 6 3
5 1 2 3 4 6
5 4 3 2 1 6
1 5 4 6 3 2
3 6 4 5 1 2
6 4 5 1 2 3
5 4 3 2 1 6
5 6 4 3 2 1
1 5 4 3 6 2
4 2 1 3 6 5
1 6 2 5 4 3
4 2 1 5 6 3
5 1 2 3 4 6
5 4 3 2 1 6
1 5 4 6 3 2
3 6 4 5 1 2
6 4 5 1 2 3
5 4 3 2 1 6
5 6 4 3 2 1
1 5 4 3 6 2
4 2 1 3 6 5
1 6 2 5 4 3
6 4 5 1 2 3
5 4 3 2 1 6
5 6 4 3 2 1
1 5 4 3 6 2
4 2 1 3 6 5
1 6 2 5 4 3
5 4 3 2 1 6
1 5 4 6 3 2
4 2 1 3 6 5
2 6 1 3 4 5
4 1 6 3 4 5
6 1 5 4 3 2
1 5 4 6 3 2
5 1 2 3 4 6
5 4 3 2 1 6
1 5 4 6 3 2
5 4 3 2 1 6
1 5 4 6 3 2
5 4 3 2 1 6
1 5 4 6 3 2
5 1 2 3 4 6
4 1 3 4 5 6
3 6 4 5 1 2
6 4 5 1 2 3
5 4 3 2 1 6
5 6 4 3 2 1
6 4 5 1 2 3
5 4 3 2 1 6
5 6 4 3 2 1
6 4 5 1 2 3
5 4 3 2 1 6
1 5 4 6 3 2
5 4 3 2 1 6
1 5 4 6 3 2
4 1 3 4 5 6
3 6 4 5 1 2
6 4 5 1 2 3
5 4 3 2 1 6
5 6 4 3 2 1
5 4 3 2 1 6
5 6 4 3 2 1
1 5 4 3 6 2
1 6 2 5 4 3
5 4 3 2 1 6
1 5 4 6 3 2
5 4 3 2 1 6
1 5 4 6 3 2
4 1 3 4 5 6
3 6 4 5 1 2
5 4 3 2 1 6
5 6 4 3 2 1
1 5 4 3 6 2
1 6 2 5 4 3
5 4 3 2 1 6
1 5 4 6 3 2
2 6 1 3 4 5
4 1 6 3 4 5
6 1 5 4 3 2
1 5 4 6 3 2
4 2 1 3 6 5
2 6 1 3 4 5
4 1 6 3 4 5
6 1 5 4 3 2
4 1 6 3 4 5
6 1 5 4 3 2
5 1 2 3 4 6
5 4 3 2 1 6
1 5 4 6 3 2
3 6 4 5 1 2
6 4 5 1 2 3
5 4 3 2 1 6
5 6 4 3 2 1
1 5 4 3 6 2
4 2 1 3 6 5
1 6 2 5 4 3
1 5 4 3 6 2
4 2 1 3 6 5

20
A
B
C
D
E
F
G
H
I
J
K
L
M
N
O
P
Q
R
Z
T
1 2 3 4 5 6 7 8 9 10 11 12 13 14 15 16 17 18 19 20
2 3 18 12 6 9 11 17 19 14 16 15 1 10 8 13 4 20 7 5 
18 5 16 4 7 17 6 19 12 1 9 3 20 14 15 10 11 2 8 13 
20 13 10 3 14 11 6 17 1 15 12 5 19 9 16 2 18 7 4 8 
2 3 18 12 6 9 11 17 19 14 16 15 1 10 8 13 4 20 7 5 
3 13 2 5 7 9 20 18 17 15 8 14 1 6 19 16 4 11 12 10 
2 17 7 10 19 18 8 6 16 15 11 1 9 20 13 4 3 5 14 12 
17 10 8 5 3 4 14 7 15 1 13 9 16 6 20 12 2 18 11 19 
1 2 3 4 5 6 7 8 9 10 11 12 13 14 15 16 17 18 19 20
13 14 15 16 17 5 6 7 8 9 10 11 12 1 2 3 4 18 19 20
1 2 3 4 5 6 7 8 9 10 11 12 13 14 15 16 17 18 19 20
2 20 19 14 6 17 13 10 11 4 15 16 9 8 5 1 18 3 7 12 
2 17 7 10 19 18 8 6 16 15 11 1 9 20 13 4 3 5 14 12 
17 10 8 5 3 4 14 7 15 1 13 9 16 6 20 12 2 18 11 19 
1 2 3 4 5 6 7 8 9 10 11 12 13 14 15 16 17 18 19 20
2 13 15 11 17 10 6 20 3 4 1 18 7 12 14 16 19 5 9 8 
18 9 7 12 13 15 10 11 2 17 6 14 8 19 3 1 20 16 5 4 
15 19 6 5 1 17 12 16 10 2 14 18 7 3 4 9 20 11 8 13 
2 4 6 8 10 12 14 16 18 20 1 3 5 7 9 11 13 15 17 19
1 3 5 7 9 11 13 15 17 19 2 4 6 8 10 12 14 16 18 20
17 10 8 5 3 4 14 7 15 1 13 9 16 6 20 12 2 18 11 19 
13 14 15 16 17 5 6 7 8 9 10 11 12 1 2 3 4 18 19 20
2 20 19 14 6 17 13 10 11 4 15 16 9 8 5 1 18 3 7 12 
2 13 15 11 17 10 6 20 3 4 1 18 7 12 14 16 19 5 9 8 
18 9 7 12 13 15 10 11 2 17 6 14 8 19 3 1 20 16 5 4 
15 19 6 5 1 17 12 16 10 2 14 18 7 3 4 9 20 11 8 13 
2 4 6 8 10 12 14 16 18 20 1 3 5 7 9 11 13 15 17 19
1 2 3 4 5 6 7 8 9 10 11 12 13 14 15 16 17 18 19 20
2 3 18 12 6 9 11 17 19 14 16 15 1 10 8 13 4 20 7 5 
18 5 16 4 7 17 6 19 12 1 9 3 20 14 15 10 11 2 8 13 
20 13 10 3 14 11 6 17 1 15 12 5 19 9 16 2 18 7 4 8 
2 3 18 12 6 9 11 17 19 14 16 15 1 10 8 13 4 20 7 5 
3 13 2 5 7 9 20 18 17 15 8 14 1 6 19 16 4 11 12 10 
2 17 7 10 19 18 8 6 16 15 11 1 9 20 13 4 3 5 14 12 
17 10 8 5 3 4 14 7 15 1 13 9 16 6 20 12 2 18 11 19 
1 2 3 4 5 6 7 8 9 10 11 12 13 14 15 16 17 18 19 20
13 14 15 16 17 5 6 7 8 9 10 11 12 1 2 3 4 18 19 20
2 20 19 14 6 17 13 10 11 4 15 16 9 8 5 1 18 3 7 12 
2 13 15 11 17 10 6 20 3 4 1 18 7 12 14 16 19 5 9 8 
18 9 7 12 13 15 10 11 2 17 6 14 8 19 3 1 20 16 5 4 
15 19 6 5 1 17 12 16 10 2 14 18 7 3 4 9 20 11 8 13 
2 4 6 8 10 12 14 16 18 20 1 3 5 7 9 11 13 15 17 19
1 3 5 7 9 11 13 15 17 19 2 4 6 8 10 12 14 16 18 20
17 10 8 5 3 4 14 7 15 1 13 9 16 6 20 12 2 18 11 19 
13 14 15 16 17 5 6 7 8 9 10 11 12 1 2 3 4 18 19 20
2 20 19 14 6 17 13 10 11 4 15 16 9 8 5 1 18 3 7 12 
2 13 15 11 17 10 6 20 3 4 1 18 7 12 14 16 19 5 9 8 
18 9 7 12 13 15 10 11 2 17 6 14 8 19 3 1 20 16 5 4 
15 19 6 5 1 17 12 16 10 2 14 18 7 3 4 9 20 11 8 13 
2 4 6 8 10 12 14 16 18 20 1 3 5 7 9 11 13 15 17 19
18 9 7 12 13 15 10 11 2 17 6 14 8 19 3 1 20 16 5 4 
15 19 6 5 1 17 12 16 10 2 14 18 7 3 4 9 20 11 8 13 
2 17 7 10 19 18 8 6 16 15 11 1 9 20 13 4 3 5 14 12 
17 10 8 5 3 4 14 7 15 1 13 9 16 6 20 12 2 18 11 19 
1 2 3 4 5 6 7 8 9 10 11 12 13 14 15 16 17 18 19 20
1 2 3 4 5 6 7 8 9 10 11 12 13 14 15 16 17 18 19 20
2 3 18 12 6 9 11 17 19 14 16 15 1 10 8 13 4 20 7 5 
18 5 16 4 7 17 6 19 12 1 9 3 20 14 15 10 11 2 8 13 
20 13 10 3 14 11 6 17 1 15 12 5 19 9 16 2 18 7 4 8 
2 3 18 12 6 9 11 17 19 14 16 15 1 10 8 13 4 20 7 5 
3 13 2 5 7 9 20 18 17 15 8 14 1 6 19 16 4 11 12 10 
2 17 7 10 19 18 8 6 16 15 11 1 9 20 13 4 3 5 14 12 
17 10 8 5 3 4 14 7 15 1 13 9 16 6 20 12 2 18 11 19 
1 2 3 4 5 6 7 8 9 10 11 12 13 14 15 16 17 18 19 20
13 14 15 16 17 5 6 7 8 9 10 11 12 1 2 3 4 18 19 20
1 2 3 4 5 6 7 8 9 10 11 12 13 14 15 16 17 18 19 20
2 20 19 14 6 17 13 10 11 4 15 16 9 8 5 1 18 3 7 12 
2 17 7 10 19 18 8 6 16 15 11 1 9 20 13 4 3 5 14 12 
17 10 8 5 3 4 14 7 15 1 13 9 16 6 20 12 2 18 11 19 
1 2 3 4 5 6 7 8 9 10 11 12 13 14 15 16 17 18 19 20
2 13 15 11 17 10 6 20 3 4 1 18 7 12 14 16 19 5 9 8 
18 9 7 12 13 15 10 11 2 17 6 14 8 19 3 1 20 16 5 4 
15 19 6 5 1 17 12 16 10 2 14 18 7 3 4 9 20 11 8 13 
2 4 6 8 10 12 14 16 18 20 1 3 5 7 9 11 13 15 17 19
1 3 5 7 9 11 13 15 17 19 2 4 6 8 10 12 14 16 18 20
17 10 8 5 3 4 14 7 15 1 13 9 16 6 20 12 2 18 11 19 
13 14 15 16 17 5 6 7 8 9 10 11 12 1 2 3 4 18 19 20
2 20 19 14 6 17 13 10 11 4 15 16 9 8 5 1 18 3 7 12 
2 13 15 11 17 10 6 20 3 4 1 18 7 12 14 16 19 5 9 8 
18 9 7 12 13 15 10 11 2 17 6 14 8 19 3 1 20 16 5 4 
15 19 6 5 1 17 12 16 10 2 14 18 7 3 4 9 20 11 8 13 
2 4 6 8 10 12 14 16 18 20 1 3 5 7 9 11 13 15 17 19
1 2 3 4 5 6 7 8 9 10 11 12 13 14 15 16 17 18 19 20
2 3 18 12 6 9 11 17 19 14 16 15 1 10 8 13 4 20 7 5 
18 5 16 4 7 17 6 19 12 1 9 3 20 14 15 10 11 2 8 13 
20 13 10 3 14 11 6 17 1 15 12 5 19 9 16 2 18 7 4 8 
2 3 18 12 6 9 11 17 19 14 16 15 1 10 8 13 4 20 7 5 
3 13 2 5 7 9 20 18 17 15 8 14 1 6 19 16 4 11 12 10 
2 17 7 10 19 18 8 6 16 15 11 1 9 20 13 4 3 5 14 12 
17 10 8 5 3 4 14 7 15 1 13 9 16 6 20 12 2 18 11 19 
1 2 3 4 5 6 7 8 9 10 11 12 13 14 15 16 17 18 19 20
13 14 15 16 17 5 6 7 8 9 10 11 12 1 2 3 4 18 19 20
2 20 19 14 6 17 13 10 11 4 15 16 9 8 5 1 18 3 7 12 
2 13 15 11 17 10 6 20 3 4 1 18 7 12 14 16 19 5 9 8 
18 9 7 12 13 15 10 11 2 17 6 14 8 19 3 1 20 16 5 4 
15 19 6 5 1 17 12 16 10 2 14 18 7 3 4 9 20 11 8 13 
2 4 6 8 10 12 14 16 18 20 1 3 5 7 9 11 13 15 17 19
1 3 5 7 9 11 13 15 17 19 2 4 6 8 10 12 14 16 18 20
17 10 8 5 3 4 14 7 15 1 13 9 16 6 20 12 2 18 11 19 
13 14 15 16 17 5 6 7 8 9 10 11 12 1 2 3 4 18 19 20
2 20 19 14 6 17 13 10 11 4 15 16 9 8 5 1 18 3 7 12 
2 13 15 11 17 10 6 20 3 4 1 18 7 12 14 16 19 5 9 8 
18 9 7 12 13 15 10 11 2 17 6 14 8 19 3 1 20 16 5 4 
15 19 6 5 1 17 12 16 10 2 14 18 7 3 4 9 20 11 8 13 
2 4 6 8 10 12 14 16 18 20 1 3 5 7 9 11 13 15 17 19
18 9 7 12 13 15 10 11 2 17 6 14 8 19 3 1 20 16 5 4 
15 19 6 5 1 17 12 16 10 2 14 18 7 3 4 9 20 11 8 13 
2 17 7 10 19 18 8 6 16 15 11 1 9 20 13 4 3 5 14 12 
17 10 8 5 3 4 14 7 15 1 13 9 16 6 20 12 2 18 11 19 
1 2 3 4 5 6 7 8 9 10 11 12 13 14 15 16 17 18 19 20
18 9 7 12 13 15 10 11 2 17 6 14 8 19 3 1 20 16 5 4 
15 19 6 5 1 17 12 16 10 2 14 18 7 3 4 9 20 11 8 13 
2 4 6 8 10 12 14 16 18 20 1 3 5 7 9 11 13 15 17 19
1 2 3 4 5 6 7 8 9 10 11 12 13 14 15 16 17 18 19 20
2 3 18 12 6 9 11 17 19 14 16 15 1 10 8 13 4 20 7 5 
18 5 16 4 7 17 6 19 12 1 9 3 20 14 15 10 11 2 8 13 
20 13 10 3 14 11 6 17 1 15 12 5 19 9 16 2 18 7 4 8 
2 13 15 11 17 10 6 20 3 4 1 18 7 12 14 16 19 5 9 8 
18 9 7 12 13 15 10 11 2 17 6 14 8 19 3 1 20 16 5 4 
15 19 6 5 1 17 12 16 10 2 14 18 7 3 4 9 20 11 8 13 
2 4 6 8 10 12 14 16 18 20 1 3 5 7 9 11 13 15 17 19
1 3 5 7 9 11 13 15 17 19 2 4 6 8 10 12 14 16 18 20
17 10 8 5 3 4 14 7 15 1 13 9 16 6 20 12 2 18 11 19 
13 14 15 16 17 5 6 7 8 9 10 11 12 1 2 3 4 18 19 20
2 20 19 14 6 17 13 10 11 4 15 16 9 8 5 1 18 3 7 12
2 17 7 10 19 18 8 6 16 15 11 1 9 20 13 4 3 5 14 12 
17 10 8 5 3 4 14 7 15 1 13 9 16 6 20 12 2 18 11 19 
1 2 3 4 5 6 7 8 9 10 11 12 13 14 15 16 17 18 19 20
18 9 7 12 13 15 10 11 2 17 6 14 8 19 3 1 20 16 5 4 
15 19 6 5 1 17 12 16 10 2 14 18 7 3 4 9 20 11 8 13 
2 4 6 8 10 12 14 16 18 20 1 3 5 7 9 11 13 15 17 19
1 2 3 4 5 6 7 8 9 10 11 12 13 14 15 16 17 18 19 20
2 3 18 12 6 9 11 17 19 14 16 15 1 10 8 13 4 20 7 5 
18 5 16 4 7 17 6 19 12 1 9 3 20 14 15 10 11 2 8 13 
20 13 10 3 14 11 6 17 1 15 12 5 19 9 16 2 18 7 4 8 
2 13 15 11 17 10 6 20 3 4 1 18 7 12 14 16 19 5 9 8  
2 4 6 8 10 12 14 16 18 20 1 3 5 7 9 11 13 15 17 19
1 3 5 7 9 11 13 15 17 19 2 4 6 8 10 12 14 16 18 20
17 10 8 5 3 4 14 7 15 1 13 9 16 6 20 12 2 18 11 19 
13 14 15 16 17 5 6 7 8 9 10 11 12 1 2 3 4 18 19 20
2 20 19 14 6 17 13 10 11 4 15 16 9 8 5 1 18 3 7 12 
2 13 15 11 17 10 6 20 3 4 1 18 7 12 14 16 19 5 9 8 
18 9 7 12 13 15 10 11 2 17 6 14 8 19 3 1 20 16 5 4 
15 19 6 5 1 17 12 16 10 2 14 18 7 3 4 9 20 11 8 13 
2 4 6 8 10 12 14 16 18 20 1 3 5 7 9 11 13 15 17 19
18 9 7 12 13 15 10 11 2 17 6 14 8 19 3 1 20 16 5 4 
15 19 6 5 1 17 12 16 10 2 14 18 7 3 4 9 20 11 8 13 
2 17 7 10 19 18 8 6 16 15 11 1 9 20 13 4 3 5 14 12 
17 10 8 5 3 4 14 7 15 1 13 9 16 6 20 12 2 18 11 19 
13 14 15 16 17 5 6 7 8 9 10 11 12 1 2 3 4 18 19 20
2 20 19 14 6 17 13 10 11 4 15 16 9 8 5 1 18 3 7 12
2 17 7 10 19 18 8 6 16 15 11 1 9 20 13 4 3 5 14 12 
17 10 8 5 3 4 14 7 15 1 13 9 16 6 20 12 2 18 11 19 
1 2 3 4 5 6 7 8 9 10 11 12 13 14 15 16 17 18 19 20
2 3 18 12 6 9 11 17 19 14 16 15 1 10 8 13 4 20 7 5 
18 5 16 4 7 17 6 19 12 1 9 3 20 14 15 10 11 2 8 13 
20 13 10 3 14 11 6 17 1 15 12 5 19 9 16 2 18 7 4 8 
2 3 18 12 6 9 11 17 19 14 16 15 1 10 8 13 4 20 7 5 
3 13 2 5 7 9 20 18 17 15 8 14 1 6 19 16 4 11 12 10 
2 17 7 10 19 18 8 6 16 15 11 1 9 20 13 4 3 5 14 12 
17 10 8 5 3 4 14 7 15 1 13 9 16 6 20 12 2 18 11 19 
1 2 3 4 5 6 7 8 9 10 11 12 13 14 15 16 17 18 19 20
13 14 15 16 17 5 6 7 8 9 10 11 12 1 2 3 4 18 19 20
1 2 3 4 5 6 7 8 9 10 11 12 13 14 15 16 17 18 19 20
2 20 19 14 6 17 13 10 11 4 15 16 9 8 5 1 18 3 7 12 
2 17 7 10 19 18 8 6 16 15 11 1 9 20 13 4 3 5 14 12 
17 10 8 5 3 4 14 7 15 1 13 9 16 6 20 12 2 18 11 19 
1 2 3 4 5 6 7 8 9 10 11 12 13 14 15 16 17 18 19 20
2 13 15 11 17 10 6 20 3 4 1 18 7 12 14 16 19 5 9 8 
18 9 7 12 13 15 10 11 2 17 6 14 8 19 3 1 20 16 5 4 
15 19 6 5 1 17 12 16 10 2 14 18 7 3 4 9 20 11 8 13 
2 4 6 8 10 12 14 16 18 20 1 3 5 7 9 11 13 15 17 19
1 3 5 7 9 11 13 15 17 19 2 4 6 8 10 12 14 16 18 20
17 10 8 5 3 4 14 7 15 1 13 9 16 6 20 12 2 18 11 19 
13 14 15 16 17 5 6 7 8 9 10 11 12 1 2 3 4 18 19 20
2 20 19 14 6 17 13 10 11 4 15 16 9 8 5 1 18 3 7 12 
2 13 15 11 17 10 6 20 3 4 1 18 7 12 14 16 19 5 9 8 
18 9 7 12 13 15 10 11 2 17 6 14 8 19 3 1 20 16 5 4 
15 19 6 5 1 17 12 16 10 2 14 18 7 3 4 9 20 11 8 13 
2 4 6 8 10 12 14 16 18 20 1 3 5 7 9 11 13 15 17 19
1 2 3 4 5 6 7 8 9 10 11 12 13 14 15 16 17 18 19 20
2 3 18 12 6 9 11 17 19 14 16 15 1 10 8 13 4 20 7 5 
18 5 16 4 7 17 6 19 12 1 9 3 20 14 15 10 11 2 8 13 
20 13 10 3 14 11 6 17 1 15 12 5 19 9 16 2 18 7 4 8 
2 3 18 12 6 9 11 17 19 14 16 15 1 10 8 13 4 20 7 5 
3 13 2 5 7 9 20 18 17 15 8 14 1 6 19 16 4 11 12 10 
2 17 7 10 19 18 8 6 16 15 11 1 9 20 13 4 3 5 14 12 
17 10 8 5 3 4 14 7 15 1 13 9 16 6 20 12 2 18 11 19 
1 2 3 4 5 6 7 8 9 10 11 12 13 14 15 16 17 18 19 20
13 14 15 16 17 5 6 7 8 9 10 11 12 1 2 3 4 18 19 20
2 20 19 14 6 17 13 10 11 4 15 16 9 8 5 1 18 3 7 12 
2 13 15 11 17 10 6 20 3 4 1 18 7 12 14 16 19 5 9 8 
18 9 7 12 13 15 10 11 2 17 6 14 8 19 3 1 20 16 5 4 
15 19 6 5 1 17 12 16 10 2 14 18 7 3 4 9 20 11 8 13 
2 4 6 8 10 12 14 16 18 20 1 3 5 7 9 11 13 15 17 19
1 3 5 7 9 11 13 15 17 19 2 4 6 8 10 12 14 16 18 20
17 10 8 5 3 4 14 7 15 1 13 9 16 6 20 12 2 18 11 19 
13 14 15 16 17 5 6 7 8 9 10 11 12 1 2 3 4 18 19 20
2 20 19 14 6 17 13 10 11 4 15 16 9 8 5 1 18 3 7 12 
2 13 15 11 17 10 6 20 3 4 1 18 7 12 14 16 19 5 9 8 
18 9 7 12 13 15 10 11 2 17 6 14 8 19 3 1 20 16 5 4 
15 19 6 5 1 17 12 16 10 2 14 18 7 3 4 9 20 11 8 13 
2 4 6 8 10 12 14 16 18 20 1 3 5 7 9 11 13 15 17 19
18 9 7 12 13 15 10 11 2 17 6 14 8 19 3 1 20 16 5 4 
15 19 6 5 1 17 12 16 10 2 14 18 7 3 4 9 20 11 8 13 
2 17 7 10 19 18 8 6 16 15 11 1 9 20 13 4 3 5 14 12 
17 10 8 5 3 4 14 7 15 1 13 9 16 6 20 12 2 18 11 19 
1 2 3 4 5 6 7 8 9 10 11 12 13 14 15 16 17 18 19 20
1 2 3 4 5 6 7 8 9 10 11 12 13 14 15 16 17 18 19 20
2 3 18 12 6 9 11 17 19 14 16 15 1 10 8 13 4 20 7 5 
18 5 16 4 7 17 6 19 12 1 9 3 20 14 15 10 11 2 8 13 
20 13 10 3 14 11 6 17 1 15 12 5 19 9 16 2 18 7 4 8 
2 3 18 12 6 9 11 17 19 14 16 15 1 10 8 13 4 20 7 5 
3 13 2 5 7 9 20 18 17 15 8 14 1 6 19 16 4 11 12 10 
2 17 7 10 19 18 8 6 16 15 11 1 9 20 13 4 3 5 14 12 
17 10 8 5 3 4 14 7 15 1 13 9 16 6 20 12 2 18 11 19 
1 2 3 4 5 6 7 8 9 10 11 12 13 14 15 16 17 18 19 20
13 14 15 16 17 5 6 7 8 9 10 11 12 1 2 3 4 18 19 20
1 2 3 4 5 6 7 8 9 10 11 12 13 14 15 16 17 18 19 20
2 20 19 14 6 17 13 10 11 4 15 16 9 8 5 1 18 3 7 12 
2 17 7 10 19 18 8 6 16 15 11 1 9 20 13 4 3 5 14 12 
17 10 8 5 3 4 14 7 15 1 13 9 16 6 20 12 2 18 11 19 
1 2 3 4 5 6 7 8 9 10 11 12 13 14 15 16 17 18 19 20
2 13 15 11 17 10 6 20 3 4 1 18 7 12 14 16 19 5 9 8 
18 9 7 12 13 15 10 11 2 17 6 14 8 19 3 1 20 16 5 4 
15 19 6 5 1 17 12 16 10 2 14 18 7 3 4 9 20 11 8 13 
2 4 6 8 10 12 14 16 18 20 1 3 5 7 9 11 13 15 17 19
1 3 5 7 9 11 13 15 17 19 2 4 6 8 10 12 14 16 18 20
17 10 8 5 3 4 14 7 15 1 13 9 16 6 20 12 2 18 11 19 
13 14 15 16 17 5 6 7 8 9 10 11 12 1 2 3 4 18 19 20
2 20 19 14 6 17 13 10 11 4 15 16 9 8 5 1 18 3 7 12 
2 13 15 11 17 10 6 20 3 4 1 18 7 12 14 16 19 5 9 8 
18 9 7 12 13 15 10 11 2 17 6 14 8 19 3 1 20 16 5 4 
15 19 6 5 1 17 12 16 10 2 14 18 7 3 4 9 20 11 8 13 
2 4 6 8 10 12 14 16 18 20 1 3 5 7 9 11 13 15 17 19
1 2 3 4 5 6 7 8 9 10 11 12 13 14 15 16 17 18 19 20
2 3 18 12 6 9 11 17 19 14 16 15 1 10 8 13 4 20 7 5 
18 5 16 4 7 17 6 19 12 1 9 3 20 14 15 10 11 2 8 13 
20 13 10 3 14 11 6 17 1 15 12 5 19 9 16 2 18 7 4 8 
2 3 18 12 6 9 11 17 19 14 16 15 1 10 8 13 4 20 7 5 
3 13 2 5 7 9 20 18 17 15 8 14 1 6 19 16 4 11 12 10 
2 17 7 10 19 18 8 6 16 15 11 1 9 20 13 4 3 5 14 12 
17 10 8 5 3 4 14 7 15 1 13 9 16 6 20 12 2 18 11 19 
1 2 3 4 5 6 7 8 9 10 11 12 13 14 15 16 17 18 19 20
13 14 15 16 17 5 6 7 8 9 10 11 12 1 2 3 4 18 19 20
2 20 19 14 6 17 13 10 11 4 15 16 9 8 5 1 18 3 7 12 
2 13 15 11 17 10 6 20 3 4 1 18 7 12 14 16 19 5 9 8 
18 9 7 12 13 15 10 11 2 17 6 14 8 19 3 1 20 16 5 4 
15 19 6 5 1 17 12 16 10 2 14 18 7 3 4 9 20 11 8 13 
2 4 6 8 10 12 14 16 18 20 1 3 5 7 9 11 13 15 17 19
1 3 5 7 9 11 13 15 17 19 2 4 6 8 10 12 14 16 18 20
17 10 8 5 3 4 14 7 15 1 13 9 16 6 20 12 2 18 11 19 
13 14 15 16 17 5 6 7 8 9 10 11 12 1 2 3 4 18 19 20
2 20 19 14 6 17 13 10 11 4 15 16 9 8 5 1 18 3 7 12 
2 13 15 11 17 10 6 20 3 4 1 18 7 12 14 16 19 5 9 8 
18 9 7 12 13 15 10 11 2 17 6 14 8 19 3 1 20 16 5 4 
15 19 6 5 1 17 12 16 10 2 14 18 7 3 4 9 20 11 8 13 
2 4 6 8 10 12 14 16 18 20 1 3 5 7 9 11 13 15 17 19
18 9 7 12 13 15 10 11 2 17 6 14 8 19 3 1 20 16 5 4 
15 19 6 5 1 17 12 16 10 2 14 18 7 3 4 9 20 11 8 13 
2 17 7 10 19 18 8 6 16 15 11 1 9 20 13 4 3 5 14 12 
17 10 8 5 3 4 14 7 15 1 13 9 16 6 20 12 2 18 11 19 
1 2 3 4 5 6 7 8 9 10 11 12 13 14 15 16 17 18 19 20
18 9 7 12 13 15 10 11 2 17 6 14 8 19 3 1 20 16 5 4 
15 19 6 5 1 17 12 16 10 2 14 18 7 3 4 9 20 11 8 13 
2 4 6 8 10 12 14 16 18 20 1 3 5 7 9 11 13 15 17 19
1 2 3 4 5 6 7 8 9 10 11 12 13 14 15 16 17 18 19 20
2 3 18 12 6 9 11 17 19 14 16 15 1 10 8 13 4 20 7 5 
18 5 16 4 7 17 6 19 12 1 9 3 20 14 15 10 11 2 8 13 
20 13 10 3 14 11 6 17 1 15 12 5 19 9 16 2 18 7 4 8 
2 13 15 11 17 10 6 20 3 4 1 18 7 12 14 16 19 5 9 8 
18 9 7 12 13 15 10 11 2 17 6 14 8 19 3 1 20 16 5 4 
15 19 6 5 1 17 12 16 10 2 14 18 7 3 4 9 20 11 8 13 
2 4 6 8 10 12 14 16 18 20 1 3 5 7 9 11 13 15 17 19
1 3 5 7 9 11 13 15 17 19 2 4 6 8 10 12 14 16 18 20
17 10 8 5 3 4 14 7 15 1 13 9 16 6 20 12 2 18 11 19 
13 14 15 16 17 5 6 7 8 9 10 11 12 1 2 3 4 18 19 20
2 20 19 14 6 17 13 10 11 4 15 16 9 8 5 1 18 3 7 12
2 17 7 10 19 18 8 6 16 15 11 1 9 20 13 4 3 5 14 12 
17 10 8 5 3 4 14 7 15 1 13 9 16 6 20 12 2 18 11 19 
1 2 3 4 5 6 7 8 9 10 11 12 13 14 15 16 17 18 19 20
18 9 7 12 13 15 10 11 2 17 6 14 8 19 3 1 20 16 5 4 
15 19 6 5 1 17 12 16 10 2 14 18 7 3 4 9 20 11 8 13 
2 4 6 8 10 12 14 16 18 20 1 3 5 7 9 11 13 15 17 19
1 2 3 4 5 6 7 8 9 10 11 12 13 14 15 16 17 18 19 20
2 3 18 12 6 9 11 17 19 14 16 15 1 10 8 13 4 20 7 5 
18 5 16 4 7 17 6 19 12 1 9 3 20 14 15 10 11 2 8 13 
20 13 10 3 14 11 6 17 1 15 12 5 19 9 16 2 18 7 4 8 
2 13 15 11 17 10 6 20 3 4 1 18 7 12 14 16 19 5 9 8  
2 4 6 8 10 12 14 16 18 20 1 3 5 7 9 11 13 15 17 19
1 3 5 7 9 11 13 15 17 19 2 4 6 8 10 12 14 16 18 20
17 10 8 5 3 4 14 7 15 1 13 9 16 6 20 12 2 18 11 19 
13 14 15 16 17 5 6 7 8 9 10 11 12 1 2 3 4 18 19 20
2 20 19 14 6 17 13 10 11 4 15 16 9 8 5 1 18 3 7 12 
2 13 15 11 17 10 6 20 3 4 1 18 7 12 14 16 19 5 9 8 
18 9 7 12 13 15 10 11 2 17 6 14 8 19 3 1 20 16 5 4 
15 19 6 5 1 17 12 16 10 2 14 18 7 3 4 9 20 11 8 13 
2 4 6 8 10 12 14 16 18 20 1 3 5 7 9 11 13 15 17 19
18 9 7 12 13 15 10 11 2 17 6 14 8 19 3 1 20 16 5 4 
15 19 6 5 1 17 12 16 10 2 14 18 7 3 4 9 20 11 8 13 
2 17 7 10 19 18 8 6 16 15 11 1 9 20 13 4 3 5 14 12 
17 10 8 5 3 4 14 7 15 1 13 9 16 6 20 12 2 18 11 19 
13 14 15 16 17 5 6 7 8 9 10 11 12 1 2 3 4 18 19 20
2 20 19 14 6 17 13 10 11 4 15 16 9 8 5 1 18 3 7 12
2 17 7 10 19 18 8 6 16 15 11 1 9 20 13 4 3 5 14 12 
17 10 8 5 3 4 14 7 15 1 13 9 16 6 20 12 2 18 11 19 
