10

20
a
b
c
d
e
f
g
h
i
j
k
l
m
n
o
p
q
r
s
t
1 2 3 4 5 6 7 8 9 10 11 12 13 14 15 16 17 18 20 19
1 2 3 4 5 6 7 8 9 10 11 12 13 14 15 16 17 19 18 20
1 2 3 4 5 6 7 8 9 10 11 12 13 14 15 16 17 19 20 18
1 2 3 4 5 6 7 8 9 10 11 12 13 14 15 16 17 20 18 19
1 2 3 4 5 6 7 8 9 10 11 12 13 14 15 16 17 20 19 18
1 2 3 4 5 6 7 8 9 10 11 12 13 14 15 16 18 17 19 20
1 2 3 4 5 6 7 8 9 10 11 12 13 14 15 16 18 17 20 19
1 2 3 4 5 6 7 8 9 10 11 12 13 14 15 16 18 19 17 20
1 2 3 4 5 6 7 8 9 10 11 12 13 14 15 16 18 19 20 17
1 2 3 4 5 6 7 8 9 10 11 12 13 14 15 16 18 20 17 19
1 2 3 4 5 6 7 8 9 10 11 12 13 14 15 16 18 20 19 17
1 2 3 4 5 6 7 8 9 10 11 12 13 14 15 16 19 17 18 20
1 2 3 4 5 6 7 8 9 10 11 12 13 14 15 16 19 17 20 18
1 2 3 4 5 6 7 8 9 10 11 12 13 14 15 16 19 18 17 20
1 2 3 4 5 6 7 8 9 10 11 12 13 14 15 16 19 18 20 17
1 2 3 4 5 6 7 8 9 10 11 12 13 14 15 16 19 20 17 18
1 2 3 4 5 6 7 8 9 10 11 12 13 14 15 16 19 20 18 17
1 2 3 4 5 6 7 8 9 10 11 12 13 14 15 16 20 17 18 19
1 2 3 4 5 6 7 8 9 10 11 12 13 14 15 16 20 17 19 18
1 2 3 4 5 6 7 8 9 10 11 12 13 14 15 16 20 18 17 19
1 2 3 4 5 6 7 8 9 10 11 12 13 14 15 16 20 18 19 17
1 2 3 4 5 6 7 8 9 10 11 12 13 14 15 16 20 19 17 18
1 2 3 4 5 6 7 8 9 10 11 12 13 14 15 16 20 19 18 17
1 2 3 4 5 6 7 8 9 10 11 12 13 14 15 17 16 18 19 20
1 2 3 4 5 6 7 8 9 10 11 12 13 14 15 17 16 18 20 19
1 2 3 4 5 6 7 8 9 10 11 12 13 14 15 17 16 19 18 20
1 2 3 4 5 6 7 8 9 10 11 12 13 14 15 17 16 19 20 18
1 2 3 4 5 6 7 8 9 10 11 12 13 14 15 17 16 20 18 19
1 2 3 4 5 6 7 8 9 10 11 12 13 14 15 17 16 20 19 18
1 2 3 4 5 6 7 8 9 10 11 12 13 14 15 17 18 16 19 20
1 2 3 4 5 6 7 8 9 10 11 12 13 14 15 17 18 16 20 19
1 2 3 4 5 6 7 8 9 10 11 12 13 14 15 17 18 19 16 20
1 2 3 4 5 6 7 8 9 10 11 12 13 14 15 17 18 19 20 16
1 2 3 4 5 6 7 8 9 10 11 12 13 14 15 17 18 20 16 19
1 2 3 4 5 6 7 8 9 10 11 12 13 14 15 17 18 20 19 16
1 2 3 4 5 6 7 8 9 10 11 12 13 14 15 17 19 16 18 20
1 2 3 4 5 6 7 8 9 10 11 12 13 14 15 17 19 16 20 18
1 2 3 4 5 6 7 8 9 10 11 12 13 14 15 17 19 18 16 20
1 2 3 4 5 6 7 8 9 10 11 12 13 14 15 17 19 18 20 16
1 2 3 4 5 6 7 8 9 10 11 12 13 14 15 17 19 20 16 18
1 2 3 4 5 6 7 8 9 10 11 12 13 14 15 17 19 20 18 16
1 2 3 4 5 6 7 8 9 10 11 12 13 14 15 17 20 16 18 19
1 2 3 4 5 6 7 8 9 10 11 12 13 14 15 17 20 16 19 18
1 2 3 4 5 6 7 8 9 10 11 12 13 14 15 17 20 18 16 19
1 2 3 4 5 6 7 8 9 10 11 12 13 14 15 17 20 18 19 16
1 2 3 4 5 6 7 8 9 10 11 12 13 14 15 17 20 19 16 18
1 2 3 4 5 6 7 8 9 10 11 12 13 14 15 17 20 19 18 16
1 2 3 4 5 6 7 8 9 10 11 12 13 14 15 18 16 17 19 20
1 2 3 4 5 6 7 8 9 10 11 12 13 14 15 18 16 17 20 19
1 2 3 4 5 6 7 8 9 10 11 12 13 14 15 18 16 19 17 20
1 2 3 4 5 6 7 8 9 10 11 12 13 14 15 18 16 19 20 17
1 2 3 4 5 6 7 8 9 10 11 12 13 14 15 18 16 20 17 19
1 2 3 4 5 6 7 8 9 10 11 12 13 14 15 18 16 20 19 17
1 2 3 4 5 6 7 8 9 10 11 12 13 14 15 18 17 16 19 20
1 2 3 4 5 6 7 8 9 10 11 12 13 14 15 18 17 16 20 19
1 2 3 4 5 6 7 8 9 10 11 12 13 14 15 18 17 19 16 20
1 2 3 4 5 6 7 8 9 10 11 12 13 14 15 18 17 19 20 16
1 2 3 4 5 6 7 8 9 10 11 12 13 14 15 18 17 20 16 19
1 2 3 4 5 6 7 8 9 10 11 12 13 14 15 18 17 20 19 16
1 2 3 4 5 6 7 8 9 10 11 12 13 14 15 18 19 16 17 20
1 2 3 4 5 6 7 8 9 10 11 12 13 14 15 18 19 16 20 17
1 2 3 4 5 6 7 8 9 10 11 12 13 14 15 18 19 17 16 20
1 2 3 4 5 6 7 8 9 10 11 12 13 14 15 18 19 17 20 16
1 2 3 4 5 6 7 8 9 10 11 12 13 14 15 18 19 20 16 17
1 2 3 4 5 6 7 8 9 10 11 12 13 14 15 18 19 20 17 16
1 2 3 4 5 6 7 8 9 10 11 12 13 14 15 18 20 16 17 19
1 2 3 4 5 6 7 8 9 10 11 12 13 14 15 18 20 16 19 17
1 2 3 4 5 6 7 8 9 10 11 12 13 14 15 18 20 17 16 19
1 2 3 4 5 6 7 8 9 10 11 12 13 14 15 18 20 17 19 16
1 2 3 4 5 6 7 8 9 10 11 12 13 14 15 18 20 19 16 17
1 2 3 4 5 6 7 8 9 10 11 12 13 14 15 18 20 19 17 16
1 2 3 4 5 6 7 8 9 10 11 12 13 14 15 19 16 17 18 20
1 2 3 4 5 6 7 8 9 10 11 12 13 14 15 19 16 17 20 18
1 2 3 4 5 6 7 8 9 10 11 12 13 14 15 19 16 18 17 20
1 2 3 4 5 6 7 8 9 10 11 12 13 14 15 19 16 18 20 17
1 2 3 4 5 6 7 8 9 10 11 12 13 14 15 19 16 20 17 18
1 2 3 4 5 6 7 8 9 10 11 12 13 14 15 19 16 20 18 17
1 2 3 4 5 6 7 8 9 10 11 12 13 14 15 19 17 16 18 20
1 2 3 4 5 6 7 8 9 10 11 12 13 14 15 19 17 16 20 18
1 2 3 4 5 6 7 8 9 10 11 12 13 14 15 19 17 18 16 20
1 2 3 4 5 6 7 8 9 10 11 12 13 14 15 19 17 18 20 16
1 2 3 4 5 6 7 8 9 10 11 12 13 14 15 19 17 20 16 18
1 2 3 4 5 6 7 8 9 10 11 12 13 14 15 19 17 20 18 16
1 2 3 4 5 6 7 8 9 10 11 12 13 14 15 19 18 16 17 20
1 2 3 4 5 6 7 8 9 10 11 12 13 14 15 19 18 16 20 17
1 2 3 4 5 6 7 8 9 10 11 12 13 14 15 19 18 17 16 20
1 2 3 4 5 6 7 8 9 10 11 12 13 14 15 19 18 17 20 16
1 2 3 4 5 6 7 8 9 10 11 12 13 14 15 19 18 20 16 17
1 2 3 4 5 6 7 8 9 10 11 12 13 14 15 19 18 20 17 16
1 2 3 4 5 6 7 8 9 10 11 12 13 14 15 19 20 16 17 18
1 2 3 4 5 6 7 8 9 10 11 12 13 14 15 19 20 16 18 17
1 2 3 4 5 6 7 8 9 10 11 12 13 14 15 19 20 17 16 18
1 2 3 4 5 6 7 8 9 10 11 12 13 14 15 19 20 17 18 16
1 2 3 4 5 6 7 8 9 10 11 12 13 14 15 19 20 18 16 17
1 2 3 4 5 6 7 8 9 10 11 12 13 14 15 19 20 18 17 16
1 2 3 4 5 6 7 8 9 10 11 12 13 14 15 20 16 17 18 19
1 2 3 4 5 6 7 8 9 10 11 12 13 14 15 20 16 17 19 18
1 2 3 4 5 6 7 8 9 10 11 12 13 14 15 20 16 18 17 19
1 2 3 4 5 6 7 8 9 10 11 12 13 14 15 20 16 18 19 17
1 2 3 4 5 6 7 8 9 10 11 12 13 14 15 20 16 19 17 18

20
a
b
c
d
e
f
g
h
i
j
k
l
m
n
o
p
q
r
s
t
1 2 3 4 5 6 7 8 9 10 11 12 13 14 15 16 17 18 20 19
1 2 3 4 5 6 7 8 9 10 11 12 13 14 15 16 17 19 18 20
1 2 3 4 5 6 7 8 9 10 11 12 13 14 15 16 17 19 20 18
1 2 3 4 5 6 7 8 9 10 11 12 13 14 15 16 17 20 18 19
1 2 3 4 5 6 7 8 9 10 11 12 13 14 15 16 17 20 19 18
1 2 3 4 5 6 7 8 9 10 11 12 13 14 15 16 18 17 19 20
1 2 3 4 5 6 7 8 9 10 11 12 13 14 15 16 18 17 20 19
1 2 3 4 5 6 7 8 9 10 11 12 13 14 15 16 18 19 17 20
1 2 3 4 5 6 7 8 9 10 11 12 13 14 15 16 18 19 20 17
1 2 3 4 5 6 7 8 9 10 11 12 13 14 15 16 18 20 17 19
1 2 3 4 5 6 7 8 9 10 11 12 13 14 15 16 18 20 19 17
1 2 3 4 5 6 7 8 9 10 11 12 13 14 15 16 19 17 18 20
1 2 3 4 5 6 7 8 9 10 11 12 13 14 15 16 19 17 20 18
1 2 3 4 5 6 7 8 9 10 11 12 13 14 15 16 19 18 17 20
1 2 3 4 5 6 7 8 9 10 11 12 13 14 15 16 19 18 20 17
1 2 3 4 5 6 7 8 9 10 11 12 13 14 15 16 19 20 17 18
1 2 3 4 5 6 7 8 9 10 11 12 13 14 15 16 19 20 18 17
1 2 3 4 5 6 7 8 9 10 11 12 13 14 15 16 20 17 18 19
1 2 3 4 5 6 7 8 9 10 11 12 13 14 15 16 20 17 19 18
1 2 3 4 5 6 7 8 9 10 11 12 13 14 15 16 20 18 17 19
1 2 3 4 5 6 7 8 9 10 11 12 13 14 15 16 20 18 19 17
1 2 3 4 5 6 7 8 9 10 11 12 13 14 15 16 20 19 17 18
1 2 3 4 5 6 7 8 9 10 11 12 13 14 15 16 20 19 18 17
1 2 3 4 5 6 7 8 9 10 11 12 13 14 15 17 16 18 19 20
1 2 3 4 5 6 7 8 9 10 11 12 13 14 15 17 16 18 20 19
1 2 3 4 5 6 7 8 9 10 11 12 13 14 15 17 16 19 18 20
1 2 3 4 5 6 7 8 9 10 11 12 13 14 15 17 16 19 20 18
1 2 3 4 5 6 7 8 9 10 11 12 13 14 15 17 16 20 18 19
1 2 3 4 5 6 7 8 9 10 11 12 13 14 15 17 16 20 19 18
1 2 3 4 5 6 7 8 9 10 11 12 13 14 15 17 18 16 19 20
1 2 3 4 5 6 7 8 9 10 11 12 13 14 15 17 18 16 20 19
1 2 3 4 5 6 7 8 9 10 11 12 13 14 15 17 18 19 16 20
1 2 3 4 5 6 7 8 9 10 11 12 13 14 15 17 18 19 20 16
1 2 3 4 5 6 7 8 9 10 11 12 13 14 15 17 18 20 16 19
1 2 3 4 5 6 7 8 9 10 11 12 13 14 15 17 18 20 19 16
1 2 3 4 5 6 7 8 9 10 11 12 13 14 15 17 19 16 18 20
1 2 3 4 5 6 7 8 9 10 11 12 13 14 15 17 19 16 20 18
1 2 3 4 5 6 7 8 9 10 11 12 13 14 15 17 19 18 16 20
1 2 3 4 5 6 7 8 9 10 11 12 13 14 15 17 19 18 20 16
1 2 3 4 5 6 7 8 9 10 11 12 13 14 15 17 19 20 16 18
1 2 3 4 5 6 7 8 9 10 11 12 13 14 15 17 19 20 18 16
1 2 3 4 5 6 7 8 9 10 11 12 13 14 15 17 20 16 18 19
1 2 3 4 5 6 7 8 9 10 11 12 13 14 15 17 20 16 19 18
1 2 3 4 5 6 7 8 9 10 11 12 13 14 15 17 20 18 16 19
1 2 3 4 5 6 7 8 9 10 11 12 13 14 15 17 20 18 19 16
1 2 3 4 5 6 7 8 9 10 11 12 13 14 15 17 20 19 16 18
1 2 3 4 5 6 7 8 9 10 11 12 13 14 15 17 20 19 18 16
1 2 3 4 5 6 7 8 9 10 11 12 13 14 15 18 16 17 19 20
1 2 3 4 5 6 7 8 9 10 11 12 13 14 15 18 16 17 20 19
1 2 3 4 5 6 7 8 9 10 11 12 13 14 15 18 16 19 17 20
1 2 3 4 5 6 7 8 9 10 11 12 13 14 15 18 16 19 20 17
1 2 3 4 5 6 7 8 9 10 11 12 13 14 15 18 16 20 17 19
1 2 3 4 5 6 7 8 9 10 11 12 13 14 15 18 16 20 19 17
1 2 3 4 5 6 7 8 9 10 11 12 13 14 15 18 17 16 19 20
1 2 3 4 5 6 7 8 9 10 11 12 13 14 15 18 17 16 20 19
1 2 3 4 5 6 7 8 9 10 11 12 13 14 15 18 17 19 16 20
1 2 3 4 5 6 7 8 9 10 11 12 13 14 15 18 17 19 20 16
1 2 3 4 5 6 7 8 9 10 11 12 13 14 15 18 17 20 16 19
1 2 3 4 5 6 7 8 9 10 11 12 13 14 15 18 17 20 19 16
1 2 3 4 5 6 7 8 9 10 11 12 13 14 15 18 19 16 17 20
1 2 3 4 5 6 7 8 9 10 11 12 13 14 15 18 19 16 20 17
1 2 3 4 5 6 7 8 9 10 11 12 13 14 15 18 19 17 16 20
1 2 3 4 5 6 7 8 9 10 11 12 13 14 15 18 19 17 20 16
1 2 3 4 5 6 7 8 9 10 11 12 13 14 15 18 19 20 16 17
1 2 3 4 5 6 7 8 9 10 11 12 13 14 15 18 19 20 17 16
1 2 3 4 5 6 7 8 9 10 11 12 13 14 15 18 20 16 17 19
1 2 3 4 5 6 7 8 9 10 11 12 13 14 15 18 20 16 19 17
1 2 3 4 5 6 7 8 9 10 11 12 13 14 15 18 20 17 16 19
1 2 3 4 5 6 7 8 9 10 11 12 13 14 15 18 20 17 19 16
1 2 3 4 5 6 7 8 9 10 11 12 13 14 15 18 20 19 16 17
1 2 3 4 5 6 7 8 9 10 11 12 13 14 15 18 20 19 17 16
1 2 3 4 5 6 7 8 9 10 11 12 13 14 15 19 16 17 18 20
1 2 3 4 5 6 7 8 9 10 11 12 13 14 15 19 16 17 20 18
1 2 3 4 5 6 7 8 9 10 11 12 13 14 15 19 16 18 17 20
1 2 3 4 5 6 7 8 9 10 11 12 13 14 15 19 16 18 20 17
1 2 3 4 5 6 7 8 9 10 11 12 13 14 15 19 16 20 17 18
1 2 3 4 5 6 7 8 9 10 11 12 13 14 15 19 16 20 18 17
1 2 3 4 5 6 7 8 9 10 11 12 13 14 15 19 17 16 18 20
1 2 3 4 5 6 7 8 9 10 11 12 13 14 15 19 17 16 20 18
1 2 3 4 5 6 7 8 9 10 11 12 13 14 15 19 17 18 16 20
1 2 3 4 5 6 7 8 9 10 11 12 13 14 15 19 17 18 20 16
1 2 3 4 5 6 7 8 9 10 11 12 13 14 15 19 17 20 16 18
1 2 3 4 5 6 7 8 9 10 11 12 13 14 15 19 17 20 18 16
1 2 3 4 5 6 7 8 9 10 11 12 13 14 15 19 18 16 17 20
1 2 3 4 5 6 7 8 9 10 11 12 13 14 15 19 18 16 20 17
1 2 3 4 5 6 7 8 9 10 11 12 13 14 15 19 18 17 16 20
1 2 3 4 5 6 7 8 9 10 11 12 13 14 15 19 18 17 20 16
1 2 3 4 5 6 7 8 9 10 11 12 13 14 15 19 18 20 16 17
1 2 3 4 5 6 7 8 9 10 11 12 13 14 15 19 18 20 17 16
1 2 3 4 5 6 7 8 9 10 11 12 13 14 15 19 20 16 17 18
1 2 3 4 5 6 7 8 9 10 11 12 13 14 15 19 20 16 18 17
1 2 3 4 5 6 7 8 9 10 11 12 13 14 15 19 20 17 16 18
1 2 3 4 5 6 7 8 9 10 11 12 13 14 15 19 20 17 18 16
1 2 3 4 5 6 7 8 9 10 11 12 13 14 15 19 20 18 16 17
1 2 3 4 5 6 7 8 9 10 11 12 13 14 15 19 20 18 17 16
1 2 3 4 5 6 7 8 9 10 11 12 13 14 15 20 16 17 18 19
1 2 3 4 5 6 7 8 9 10 11 12 13 14 15 20 16 17 19 18
1 2 3 4 5 6 7 8 9 10 11 12 13 14 15 20 16 18 17 19
1 2 3 4 5 6 7 8 9 10 11 12 13 14 15 20 16 18 19 17
1 2 3 4 5 6 7 8 9 10 11 12 13 14 15 20 16 19 17 18

20
a
b
c
d
e
f
g
h
i
j
k
l
m
n
o
p
q
r
s
t
1 2 3 4 5 6 7 8 9 10 11 12 13 14 15 16 17 18 20 19
1 2 3 4 5 6 7 8 9 10 11 12 13 14 15 16 17 19 18 20
1 2 3 4 5 6 7 8 9 10 11 12 13 14 15 16 17 19 20 18
1 2 3 4 5 6 7 8 9 10 11 12 13 14 15 16 17 20 18 19
1 2 3 4 5 6 7 8 9 10 11 12 13 14 15 16 17 20 19 18
1 2 3 4 5 6 7 8 9 10 11 12 13 14 15 16 18 17 19 20
1 2 3 4 5 6 7 8 9 10 11 12 13 14 15 16 18 17 20 19
1 2 3 4 5 6 7 8 9 10 11 12 13 14 15 16 18 19 17 20
1 2 3 4 5 6 7 8 9 10 11 12 13 14 15 16 18 19 20 17
1 2 3 4 5 6 7 8 9 10 11 12 13 14 15 16 18 20 17 19
1 2 3 4 5 6 7 8 9 10 11 12 13 14 15 16 18 20 19 17
1 2 3 4 5 6 7 8 9 10 11 12 13 14 15 16 19 17 18 20
1 2 3 4 5 6 7 8 9 10 11 12 13 14 15 16 19 17 20 18
1 2 3 4 5 6 7 8 9 10 11 12 13 14 15 16 19 18 17 20
1 2 3 4 5 6 7 8 9 10 11 12 13 14 15 16 19 18 20 17
1 2 3 4 5 6 7 8 9 10 11 12 13 14 15 16 19 20 17 18
1 2 3 4 5 6 7 8 9 10 11 12 13 14 15 16 19 20 18 17
1 2 3 4 5 6 7 8 9 10 11 12 13 14 15 16 20 17 18 19
1 2 3 4 5 6 7 8 9 10 11 12 13 14 15 16 20 17 19 18
1 2 3 4 5 6 7 8 9 10 11 12 13 14 15 16 20 18 17 19
1 2 3 4 5 6 7 8 9 10 11 12 13 14 15 16 20 18 19 17
1 2 3 4 5 6 7 8 9 10 11 12 13 14 15 16 20 19 17 18
1 2 3 4 5 6 7 8 9 10 11 12 13 14 15 16 20 19 18 17
1 2 3 4 5 6 7 8 9 10 11 12 13 14 15 17 16 18 19 20
1 2 3 4 5 6 7 8 9 10 11 12 13 14 15 17 16 18 20 19
1 2 3 4 5 6 7 8 9 10 11 12 13 14 15 17 16 19 18 20
1 2 3 4 5 6 7 8 9 10 11 12 13 14 15 17 16 19 20 18
1 2 3 4 5 6 7 8 9 10 11 12 13 14 15 17 16 20 18 19
1 2 3 4 5 6 7 8 9 10 11 12 13 14 15 17 16 20 19 18
1 2 3 4 5 6 7 8 9 10 11 12 13 14 15 17 18 16 19 20
1 2 3 4 5 6 7 8 9 10 11 12 13 14 15 17 18 16 20 19
1 2 3 4 5 6 7 8 9 10 11 12 13 14 15 17 18 19 16 20
1 2 3 4 5 6 7 8 9 10 11 12 13 14 15 17 18 19 20 16
1 2 3 4 5 6 7 8 9 10 11 12 13 14 15 17 18 20 16 19
1 2 3 4 5 6 7 8 9 10 11 12 13 14 15 17 18 20 19 16
1 2 3 4 5 6 7 8 9 10 11 12 13 14 15 17 19 16 18 20
1 2 3 4 5 6 7 8 9 10 11 12 13 14 15 17 19 16 20 18
1 2 3 4 5 6 7 8 9 10 11 12 13 14 15 17 19 18 16 20
1 2 3 4 5 6 7 8 9 10 11 12 13 14 15 17 19 18 20 16
1 2 3 4 5 6 7 8 9 10 11 12 13 14 15 17 19 20 16 18
1 2 3 4 5 6 7 8 9 10 11 12 13 14 15 17 19 20 18 16
1 2 3 4 5 6 7 8 9 10 11 12 13 14 15 17 20 16 18 19
1 2 3 4 5 6 7 8 9 10 11 12 13 14 15 17 20 16 19 18
1 2 3 4 5 6 7 8 9 10 11 12 13 14 15 17 20 18 16 19
1 2 3 4 5 6 7 8 9 10 11 12 13 14 15 17 20 18 19 16
1 2 3 4 5 6 7 8 9 10 11 12 13 14 15 17 20 19 16 18
1 2 3 4 5 6 7 8 9 10 11 12 13 14 15 17 20 19 18 16
1 2 3 4 5 6 7 8 9 10 11 12 13 14 15 18 16 17 19 20
1 2 3 4 5 6 7 8 9 10 11 12 13 14 15 18 16 17 20 19
1 2 3 4 5 6 7 8 9 10 11 12 13 14 15 18 16 19 17 20
1 2 3 4 5 6 7 8 9 10 11 12 13 14 15 18 16 19 20 17
1 2 3 4 5 6 7 8 9 10 11 12 13 14 15 18 16 20 17 19
1 2 3 4 5 6 7 8 9 10 11 12 13 14 15 18 16 20 19 17
1 2 3 4 5 6 7 8 9 10 11 12 13 14 15 18 17 16 19 20
1 2 3 4 5 6 7 8 9 10 11 12 13 14 15 18 17 16 20 19
1 2 3 4 5 6 7 8 9 10 11 12 13 14 15 18 17 19 16 20
1 2 3 4 5 6 7 8 9 10 11 12 13 14 15 18 17 19 20 16
1 2 3 4 5 6 7 8 9 10 11 12 13 14 15 18 17 20 16 19
1 2 3 4 5 6 7 8 9 10 11 12 13 14 15 18 17 20 19 16
1 2 3 4 5 6 7 8 9 10 11 12 13 14 15 18 19 16 17 20
1 2 3 4 5 6 7 8 9 10 11 12 13 14 15 18 19 16 20 17
1 2 3 4 5 6 7 8 9 10 11 12 13 14 15 18 19 17 16 20
1 2 3 4 5 6 7 8 9 10 11 12 13 14 15 18 19 17 20 16
1 2 3 4 5 6 7 8 9 10 11 12 13 14 15 18 19 20 16 17
1 2 3 4 5 6 7 8 9 10 11 12 13 14 15 18 19 20 17 16
1 2 3 4 5 6 7 8 9 10 11 12 13 14 15 18 20 16 17 19
1 2 3 4 5 6 7 8 9 10 11 12 13 14 15 18 20 16 19 17
1 2 3 4 5 6 7 8 9 10 11 12 13 14 15 18 20 17 16 19
1 2 3 4 5 6 7 8 9 10 11 12 13 14 15 18 20 17 19 16
1 2 3 4 5 6 7 8 9 10 11 12 13 14 15 18 20 19 16 17
1 2 3 4 5 6 7 8 9 10 11 12 13 14 15 18 20 19 17 16
1 2 3 4 5 6 7 8 9 10 11 12 13 14 15 19 16 17 18 20
1 2 3 4 5 6 7 8 9 10 11 12 13 14 15 19 16 17 20 18
1 2 3 4 5 6 7 8 9 10 11 12 13 14 15 19 16 18 17 20
1 2 3 4 5 6 7 8 9 10 11 12 13 14 15 19 16 18 20 17
1 2 3 4 5 6 7 8 9 10 11 12 13 14 15 19 16 20 17 18
1 2 3 4 5 6 7 8 9 10 11 12 13 14 15 19 16 20 18 17
1 2 3 4 5 6 7 8 9 10 11 12 13 14 15 19 17 16 18 20
1 2 3 4 5 6 7 8 9 10 11 12 13 14 15 19 17 16 20 18
1 2 3 4 5 6 7 8 9 10 11 12 13 14 15 19 17 18 16 20
1 2 3 4 5 6 7 8 9 10 11 12 13 14 15 19 17 18 20 16
1 2 3 4 5 6 7 8 9 10 11 12 13 14 15 19 17 20 16 18
1 2 3 4 5 6 7 8 9 10 11 12 13 14 15 19 17 20 18 16
1 2 3 4 5 6 7 8 9 10 11 12 13 14 15 19 18 16 17 20
1 2 3 4 5 6 7 8 9 10 11 12 13 14 15 19 18 16 20 17
1 2 3 4 5 6 7 8 9 10 11 12 13 14 15 19 18 17 16 20
1 2 3 4 5 6 7 8 9 10 11 12 13 14 15 19 18 17 20 16
1 2 3 4 5 6 7 8 9 10 11 12 13 14 15 19 18 20 16 17
1 2 3 4 5 6 7 8 9 10 11 12 13 14 15 19 18 20 17 16
1 2 3 4 5 6 7 8 9 10 11 12 13 14 15 19 20 16 17 18
1 2 3 4 5 6 7 8 9 10 11 12 13 14 15 19 20 16 18 17
1 2 3 4 5 6 7 8 9 10 11 12 13 14 15 19 20 17 16 18
1 2 3 4 5 6 7 8 9 10 11 12 13 14 15 19 20 17 18 16
1 2 3 4 5 6 7 8 9 10 11 12 13 14 15 19 20 18 16 17
1 2 3 4 5 6 7 8 9 10 11 12 13 14 15 19 20 18 17 16
1 2 3 4 5 6 7 8 9 10 11 12 13 14 15 20 16 17 18 19
1 2 3 4 5 6 7 8 9 10 11 12 13 14 15 20 16 17 19 18
1 2 3 4 5 6 7 8 9 10 11 12 13 14 15 20 16 18 17 19
1 2 3 4 5 6 7 8 9 10 11 12 13 14 15 20 16 18 19 17
1 2 3 4 5 6 7 8 9 10 11 12 13 14 15 20 16 19 17 18

20
a
b
c
d
e
f
g
h
i
j
k
l
m
n
o
p
q
r
s
t
1 2 3 4 5 6 7 8 9 10 11 12 13 14 15 16 17 18 20 19
1 2 3 4 5 6 7 8 9 10 11 12 13 14 15 16 17 19 18 20
1 2 3 4 5 6 7 8 9 10 11 12 13 14 15 16 17 19 20 18
1 2 3 4 5 6 7 8 9 10 11 12 13 14 15 16 17 20 18 19
1 2 3 4 5 6 7 8 9 10 11 12 13 14 15 16 17 20 19 18
1 2 3 4 5 6 7 8 9 10 11 12 13 14 15 16 18 17 19 20
1 2 3 4 5 6 7 8 9 10 11 12 13 14 15 16 18 17 20 19
1 2 3 4 5 6 7 8 9 10 11 12 13 14 15 16 18 19 17 20
1 2 3 4 5 6 7 8 9 10 11 12 13 14 15 16 18 19 20 17
1 2 3 4 5 6 7 8 9 10 11 12 13 14 15 16 18 20 17 19
1 2 3 4 5 6 7 8 9 10 11 12 13 14 15 16 18 20 19 17
1 2 3 4 5 6 7 8 9 10 11 12 13 14 15 16 19 17 18 20
1 2 3 4 5 6 7 8 9 10 11 12 13 14 15 16 19 17 20 18
1 2 3 4 5 6 7 8 9 10 11 12 13 14 15 16 19 18 17 20
1 2 3 4 5 6 7 8 9 10 11 12 13 14 15 16 19 18 20 17
1 2 3 4 5 6 7 8 9 10 11 12 13 14 15 16 19 20 17 18
1 2 3 4 5 6 7 8 9 10 11 12 13 14 15 16 19 20 18 17
1 2 3 4 5 6 7 8 9 10 11 12 13 14 15 16 20 17 18 19
1 2 3 4 5 6 7 8 9 10 11 12 13 14 15 16 20 17 19 18
1 2 3 4 5 6 7 8 9 10 11 12 13 14 15 16 20 18 17 19
1 2 3 4 5 6 7 8 9 10 11 12 13 14 15 16 20 18 19 17
1 2 3 4 5 6 7 8 9 10 11 12 13 14 15 16 20 19 17 18
1 2 3 4 5 6 7 8 9 10 11 12 13 14 15 16 20 19 18 17
1 2 3 4 5 6 7 8 9 10 11 12 13 14 15 17 16 18 19 20
1 2 3 4 5 6 7 8 9 10 11 12 13 14 15 17 16 18 20 19
1 2 3 4 5 6 7 8 9 10 11 12 13 14 15 17 16 19 18 20
1 2 3 4 5 6 7 8 9 10 11 12 13 14 15 17 16 19 20 18
1 2 3 4 5 6 7 8 9 10 11 12 13 14 15 17 16 20 18 19
1 2 3 4 5 6 7 8 9 10 11 12 13 14 15 17 16 20 19 18
1 2 3 4 5 6 7 8 9 10 11 12 13 14 15 17 18 16 19 20
1 2 3 4 5 6 7 8 9 10 11 12 13 14 15 17 18 16 20 19
1 2 3 4 5 6 7 8 9 10 11 12 13 14 15 17 18 19 16 20
1 2 3 4 5 6 7 8 9 10 11 12 13 14 15 17 18 19 20 16
1 2 3 4 5 6 7 8 9 10 11 12 13 14 15 17 18 20 16 19
1 2 3 4 5 6 7 8 9 10 11 12 13 14 15 17 18 20 19 16
1 2 3 4 5 6 7 8 9 10 11 12 13 14 15 17 19 16 18 20
1 2 3 4 5 6 7 8 9 10 11 12 13 14 15 17 19 16 20 18
1 2 3 4 5 6 7 8 9 10 11 12 13 14 15 17 19 18 16 20
1 2 3 4 5 6 7 8 9 10 11 12 13 14 15 17 19 18 20 16
1 2 3 4 5 6 7 8 9 10 11 12 13 14 15 17 19 20 16 18
1 2 3 4 5 6 7 8 9 10 11 12 13 14 15 17 19 20 18 16
1 2 3 4 5 6 7 8 9 10 11 12 13 14 15 17 20 16 18 19
1 2 3 4 5 6 7 8 9 10 11 12 13 14 15 17 20 16 19 18
1 2 3 4 5 6 7 8 9 10 11 12 13 14 15 17 20 18 16 19
1 2 3 4 5 6 7 8 9 10 11 12 13 14 15 17 20 18 19 16
1 2 3 4 5 6 7 8 9 10 11 12 13 14 15 17 20 19 16 18
1 2 3 4 5 6 7 8 9 10 11 12 13 14 15 17 20 19 18 16
1 2 3 4 5 6 7 8 9 10 11 12 13 14 15 18 16 17 19 20
1 2 3 4 5 6 7 8 9 10 11 12 13 14 15 18 16 17 20 19
1 2 3 4 5 6 7 8 9 10 11 12 13 14 15 18 16 19 17 20
1 2 3 4 5 6 7 8 9 10 11 12 13 14 15 18 16 19 20 17
1 2 3 4 5 6 7 8 9 10 11 12 13 14 15 18 16 20 17 19
1 2 3 4 5 6 7 8 9 10 11 12 13 14 15 18 16 20 19 17
1 2 3 4 5 6 7 8 9 10 11 12 13 14 15 18 17 16 19 20
1 2 3 4 5 6 7 8 9 10 11 12 13 14 15 18 17 16 20 19
1 2 3 4 5 6 7 8 9 10 11 12 13 14 15 18 17 19 16 20
1 2 3 4 5 6 7 8 9 10 11 12 13 14 15 18 17 19 20 16
1 2 3 4 5 6 7 8 9 10 11 12 13 14 15 18 17 20 16 19
1 2 3 4 5 6 7 8 9 10 11 12 13 14 15 18 17 20 19 16
1 2 3 4 5 6 7 8 9 10 11 12 13 14 15 18 19 16 17 20
1 2 3 4 5 6 7 8 9 10 11 12 13 14 15 18 19 16 20 17
1 2 3 4 5 6 7 8 9 10 11 12 13 14 15 18 19 17 16 20
1 2 3 4 5 6 7 8 9 10 11 12 13 14 15 18 19 17 20 16
1 2 3 4 5 6 7 8 9 10 11 12 13 14 15 18 19 20 16 17
1 2 3 4 5 6 7 8 9 10 11 12 13 14 15 18 19 20 17 16
1 2 3 4 5 6 7 8 9 10 11 12 13 14 15 18 20 16 17 19
1 2 3 4 5 6 7 8 9 10 11 12 13 14 15 18 20 16 19 17
1 2 3 4 5 6 7 8 9 10 11 12 13 14 15 18 20 17 16 19
1 2 3 4 5 6 7 8 9 10 11 12 13 14 15 18 20 17 19 16
1 2 3 4 5 6 7 8 9 10 11 12 13 14 15 18 20 19 16 17
1 2 3 4 5 6 7 8 9 10 11 12 13 14 15 18 20 19 17 16
1 2 3 4 5 6 7 8 9 10 11 12 13 14 15 19 16 17 18 20
1 2 3 4 5 6 7 8 9 10 11 12 13 14 15 19 16 17 20 18
1 2 3 4 5 6 7 8 9 10 11 12 13 14 15 19 16 18 17 20
1 2 3 4 5 6 7 8 9 10 11 12 13 14 15 19 16 18 20 17
1 2 3 4 5 6 7 8 9 10 11 12 13 14 15 19 16 20 17 18
1 2 3 4 5 6 7 8 9 10 11 12 13 14 15 19 16 20 18 17
1 2 3 4 5 6 7 8 9 10 11 12 13 14 15 19 17 16 18 20
1 2 3 4 5 6 7 8 9 10 11 12 13 14 15 19 17 16 20 18
1 2 3 4 5 6 7 8 9 10 11 12 13 14 15 19 17 18 16 20
1 2 3 4 5 6 7 8 9 10 11 12 13 14 15 19 17 18 20 16
1 2 3 4 5 6 7 8 9 10 11 12 13 14 15 19 17 20 16 18
1 2 3 4 5 6 7 8 9 10 11 12 13 14 15 19 17 20 18 16
1 2 3 4 5 6 7 8 9 10 11 12 13 14 15 19 18 16 17 20
1 2 3 4 5 6 7 8 9 10 11 12 13 14 15 19 18 16 20 17
1 2 3 4 5 6 7 8 9 10 11 12 13 14 15 19 18 17 16 20
1 2 3 4 5 6 7 8 9 10 11 12 13 14 15 19 18 17 20 16
1 2 3 4 5 6 7 8 9 10 11 12 13 14 15 19 18 20 16 17
1 2 3 4 5 6 7 8 9 10 11 12 13 14 15 19 18 20 17 16
1 2 3 4 5 6 7 8 9 10 11 12 13 14 15 19 20 16 17 18
1 2 3 4 5 6 7 8 9 10 11 12 13 14 15 19 20 16 18 17
1 2 3 4 5 6 7 8 9 10 11 12 13 14 15 19 20 17 16 18
1 2 3 4 5 6 7 8 9 10 11 12 13 14 15 19 20 17 18 16
1 2 3 4 5 6 7 8 9 10 11 12 13 14 15 19 20 18 16 17
1 2 3 4 5 6 7 8 9 10 11 12 13 14 15 19 20 18 17 16
1 2 3 4 5 6 7 8 9 10 11 12 13 14 15 20 16 17 18 19
1 2 3 4 5 6 7 8 9 10 11 12 13 14 15 20 16 17 19 18
1 2 3 4 5 6 7 8 9 10 11 12 13 14 15 20 16 18 17 19
1 2 3 4 5 6 7 8 9 10 11 12 13 14 15 20 16 18 19 17
1 2 3 4 5 6 7 8 9 10 11 12 13 14 15 20 16 19 17 18

20
a
b
c
d
e
f
g
h
i
j
k
l
m
n
o
p
q
r
s
t
1 2 3 4 5 6 7 8 9 10 11 12 13 14 15 16 17 18 20 19
1 2 3 4 5 6 7 8 9 10 11 12 13 14 15 16 17 19 18 20
1 2 3 4 5 6 7 8 9 10 11 12 13 14 15 16 17 19 20 18
1 2 3 4 5 6 7 8 9 10 11 12 13 14 15 16 17 20 18 19
1 2 3 4 5 6 7 8 9 10 11 12 13 14 15 16 17 20 19 18
1 2 3 4 5 6 7 8 9 10 11 12 13 14 15 16 18 17 19 20
1 2 3 4 5 6 7 8 9 10 11 12 13 14 15 16 18 17 20 19
1 2 3 4 5 6 7 8 9 10 11 12 13 14 15 16 18 19 17 20
1 2 3 4 5 6 7 8 9 10 11 12 13 14 15 16 18 19 20 17
1 2 3 4 5 6 7 8 9 10 11 12 13 14 15 16 18 20 17 19
1 2 3 4 5 6 7 8 9 10 11 12 13 14 15 16 18 20 19 17
1 2 3 4 5 6 7 8 9 10 11 12 13 14 15 16 19 17 18 20
1 2 3 4 5 6 7 8 9 10 11 12 13 14 15 16 19 17 20 18
1 2 3 4 5 6 7 8 9 10 11 12 13 14 15 16 19 18 17 20
1 2 3 4 5 6 7 8 9 10 11 12 13 14 15 16 19 18 20 17
1 2 3 4 5 6 7 8 9 10 11 12 13 14 15 16 19 20 17 18
1 2 3 4 5 6 7 8 9 10 11 12 13 14 15 16 19 20 18 17
1 2 3 4 5 6 7 8 9 10 11 12 13 14 15 16 20 17 18 19
1 2 3 4 5 6 7 8 9 10 11 12 13 14 15 16 20 17 19 18
1 2 3 4 5 6 7 8 9 10 11 12 13 14 15 16 20 18 17 19
1 2 3 4 5 6 7 8 9 10 11 12 13 14 15 16 20 18 19 17
1 2 3 4 5 6 7 8 9 10 11 12 13 14 15 16 20 19 17 18
1 2 3 4 5 6 7 8 9 10 11 12 13 14 15 16 20 19 18 17
1 2 3 4 5 6 7 8 9 10 11 12 13 14 15 17 16 18 19 20
1 2 3 4 5 6 7 8 9 10 11 12 13 14 15 17 16 18 20 19
1 2 3 4 5 6 7 8 9 10 11 12 13 14 15 17 16 19 18 20
1 2 3 4 5 6 7 8 9 10 11 12 13 14 15 17 16 19 20 18
1 2 3 4 5 6 7 8 9 10 11 12 13 14 15 17 16 20 18 19
1 2 3 4 5 6 7 8 9 10 11 12 13 14 15 17 16 20 19 18
1 2 3 4 5 6 7 8 9 10 11 12 13 14 15 17 18 16 19 20
1 2 3 4 5 6 7 8 9 10 11 12 13 14 15 17 18 16 20 19
1 2 3 4 5 6 7 8 9 10 11 12 13 14 15 17 18 19 16 20
1 2 3 4 5 6 7 8 9 10 11 12 13 14 15 17 18 19 20 16
1 2 3 4 5 6 7 8 9 10 11 12 13 14 15 17 18 20 16 19
1 2 3 4 5 6 7 8 9 10 11 12 13 14 15 17 18 20 19 16
1 2 3 4 5 6 7 8 9 10 11 12 13 14 15 17 19 16 18 20
1 2 3 4 5 6 7 8 9 10 11 12 13 14 15 17 19 16 20 18
1 2 3 4 5 6 7 8 9 10 11 12 13 14 15 17 19 18 16 20
1 2 3 4 5 6 7 8 9 10 11 12 13 14 15 17 19 18 20 16
1 2 3 4 5 6 7 8 9 10 11 12 13 14 15 17 19 20 16 18
1 2 3 4 5 6 7 8 9 10 11 12 13 14 15 17 19 20 18 16
1 2 3 4 5 6 7 8 9 10 11 12 13 14 15 17 20 16 18 19
1 2 3 4 5 6 7 8 9 10 11 12 13 14 15 17 20 16 19 18
1 2 3 4 5 6 7 8 9 10 11 12 13 14 15 17 20 18 16 19
1 2 3 4 5 6 7 8 9 10 11 12 13 14 15 17 20 18 19 16
1 2 3 4 5 6 7 8 9 10 11 12 13 14 15 17 20 19 16 18
1 2 3 4 5 6 7 8 9 10 11 12 13 14 15 17 20 19 18 16
1 2 3 4 5 6 7 8 9 10 11 12 13 14 15 18 16 17 19 20
1 2 3 4 5 6 7 8 9 10 11 12 13 14 15 18 16 17 20 19
1 2 3 4 5 6 7 8 9 10 11 12 13 14 15 18 16 19 17 20
1 2 3 4 5 6 7 8 9 10 11 12 13 14 15 18 16 19 20 17
1 2 3 4 5 6 7 8 9 10 11 12 13 14 15 18 16 20 17 19
1 2 3 4 5 6 7 8 9 10 11 12 13 14 15 18 16 20 19 17
1 2 3 4 5 6 7 8 9 10 11 12 13 14 15 18 17 16 19 20
1 2 3 4 5 6 7 8 9 10 11 12 13 14 15 18 17 16 20 19
1 2 3 4 5 6 7 8 9 10 11 12 13 14 15 18 17 19 16 20
1 2 3 4 5 6 7 8 9 10 11 12 13 14 15 18 17 19 20 16
1 2 3 4 5 6 7 8 9 10 11 12 13 14 15 18 17 20 16 19
1 2 3 4 5 6 7 8 9 10 11 12 13 14 15 18 17 20 19 16
1 2 3 4 5 6 7 8 9 10 11 12 13 14 15 18 19 16 17 20
1 2 3 4 5 6 7 8 9 10 11 12 13 14 15 18 19 16 20 17
1 2 3 4 5 6 7 8 9 10 11 12 13 14 15 18 19 17 16 20
1 2 3 4 5 6 7 8 9 10 11 12 13 14 15 18 19 17 20 16
1 2 3 4 5 6 7 8 9 10 11 12 13 14 15 18 19 20 16 17
1 2 3 4 5 6 7 8 9 10 11 12 13 14 15 18 19 20 17 16
1 2 3 4 5 6 7 8 9 10 11 12 13 14 15 18 20 16 17 19
1 2 3 4 5 6 7 8 9 10 11 12 13 14 15 18 20 16 19 17
1 2 3 4 5 6 7 8 9 10 11 12 13 14 15 18 20 17 16 19
1 2 3 4 5 6 7 8 9 10 11 12 13 14 15 18 20 17 19 16
1 2 3 4 5 6 7 8 9 10 11 12 13 14 15 18 20 19 16 17
1 2 3 4 5 6 7 8 9 10 11 12 13 14 15 18 20 19 17 16
1 2 3 4 5 6 7 8 9 10 11 12 13 14 15 19 16 17 18 20
1 2 3 4 5 6 7 8 9 10 11 12 13 14 15 19 16 17 20 18
1 2 3 4 5 6 7 8 9 10 11 12 13 14 15 19 16 18 17 20
1 2 3 4 5 6 7 8 9 10 11 12 13 14 15 19 16 18 20 17
1 2 3 4 5 6 7 8 9 10 11 12 13 14 15 19 16 20 17 18
1 2 3 4 5 6 7 8 9 10 11 12 13 14 15 19 16 20 18 17
1 2 3 4 5 6 7 8 9 10 11 12 13 14 15 19 17 16 18 20
1 2 3 4 5 6 7 8 9 10 11 12 13 14 15 19 17 16 20 18
1 2 3 4 5 6 7 8 9 10 11 12 13 14 15 19 17 18 16 20
1 2 3 4 5 6 7 8 9 10 11 12 13 14 15 19 17 18 20 16
1 2 3 4 5 6 7 8 9 10 11 12 13 14 15 19 17 20 16 18
1 2 3 4 5 6 7 8 9 10 11 12 13 14 15 19 17 20 18 16
1 2 3 4 5 6 7 8 9 10 11 12 13 14 15 19 18 16 17 20
1 2 3 4 5 6 7 8 9 10 11 12 13 14 15 19 18 16 20 17
1 2 3 4 5 6 7 8 9 10 11 12 13 14 15 19 18 17 16 20
1 2 3 4 5 6 7 8 9 10 11 12 13 14 15 19 18 17 20 16
1 2 3 4 5 6 7 8 9 10 11 12 13 14 15 19 18 20 16 17
1 2 3 4 5 6 7 8 9 10 11 12 13 14 15 19 18 20 17 16
1 2 3 4 5 6 7 8 9 10 11 12 13 14 15 19 20 16 17 18
1 2 3 4 5 6 7 8 9 10 11 12 13 14 15 19 20 16 18 17
1 2 3 4 5 6 7 8 9 10 11 12 13 14 15 19 20 17 16 18
1 2 3 4 5 6 7 8 9 10 11 12 13 14 15 19 20 17 18 16
1 2 3 4 5 6 7 8 9 10 11 12 13 14 15 19 20 18 16 17
1 2 3 4 5 6 7 8 9 10 11 12 13 14 15 19 20 18 17 16
1 2 3 4 5 6 7 8 9 10 11 12 13 14 15 20 16 17 18 19
1 2 3 4 5 6 7 8 9 10 11 12 13 14 15 20 16 17 19 18
1 2 3 4 5 6 7 8 9 10 11 12 13 14 15 20 16 18 17 19
1 2 3 4 5 6 7 8 9 10 11 12 13 14 15 20 16 18 19 17
1 2 3 4 5 6 7 8 9 10 11 12 13 14 15 20 16 19 17 18

20
a
b
c
d
e
f
g
h
i
j
k
l
m
n
o
p
q
r
s
t
1 2 3 4 5 6 7 8 9 10 11 12 13 14 15 16 17 18 20 19
1 2 3 4 5 6 7 8 9 10 11 12 13 14 15 16 17 19 18 20
1 2 3 4 5 6 7 8 9 10 11 12 13 14 15 16 17 19 20 18
1 2 3 4 5 6 7 8 9 10 11 12 13 14 15 16 17 20 18 19
1 2 3 4 5 6 7 8 9 10 11 12 13 14 15 16 17 20 19 18
1 2 3 4 5 6 7 8 9 10 11 12 13 14 15 16 18 17 19 20
1 2 3 4 5 6 7 8 9 10 11 12 13 14 15 16 18 17 20 19
1 2 3 4 5 6 7 8 9 10 11 12 13 14 15 16 18 19 17 20
1 2 3 4 5 6 7 8 9 10 11 12 13 14 15 16 18 19 20 17
1 2 3 4 5 6 7 8 9 10 11 12 13 14 15 16 18 20 17 19
1 2 3 4 5 6 7 8 9 10 11 12 13 14 15 16 18 20 19 17
1 2 3 4 5 6 7 8 9 10 11 12 13 14 15 16 19 17 18 20
1 2 3 4 5 6 7 8 9 10 11 12 13 14 15 16 19 17 20 18
1 2 3 4 5 6 7 8 9 10 11 12 13 14 15 16 19 18 17 20
1 2 3 4 5 6 7 8 9 10 11 12 13 14 15 16 19 18 20 17
1 2 3 4 5 6 7 8 9 10 11 12 13 14 15 16 19 20 17 18
1 2 3 4 5 6 7 8 9 10 11 12 13 14 15 16 19 20 18 17
1 2 3 4 5 6 7 8 9 10 11 12 13 14 15 16 20 17 18 19
1 2 3 4 5 6 7 8 9 10 11 12 13 14 15 16 20 17 19 18
1 2 3 4 5 6 7 8 9 10 11 12 13 14 15 16 20 18 17 19
1 2 3 4 5 6 7 8 9 10 11 12 13 14 15 16 20 18 19 17
1 2 3 4 5 6 7 8 9 10 11 12 13 14 15 16 20 19 17 18
1 2 3 4 5 6 7 8 9 10 11 12 13 14 15 16 20 19 18 17
1 2 3 4 5 6 7 8 9 10 11 12 13 14 15 17 16 18 19 20
1 2 3 4 5 6 7 8 9 10 11 12 13 14 15 17 16 18 20 19
1 2 3 4 5 6 7 8 9 10 11 12 13 14 15 17 16 19 18 20
1 2 3 4 5 6 7 8 9 10 11 12 13 14 15 17 16 19 20 18
1 2 3 4 5 6 7 8 9 10 11 12 13 14 15 17 16 20 18 19
1 2 3 4 5 6 7 8 9 10 11 12 13 14 15 17 16 20 19 18
1 2 3 4 5 6 7 8 9 10 11 12 13 14 15 17 18 16 19 20
1 2 3 4 5 6 7 8 9 10 11 12 13 14 15 17 18 16 20 19
1 2 3 4 5 6 7 8 9 10 11 12 13 14 15 17 18 19 16 20
1 2 3 4 5 6 7 8 9 10 11 12 13 14 15 17 18 19 20 16
1 2 3 4 5 6 7 8 9 10 11 12 13 14 15 17 18 20 16 19
1 2 3 4 5 6 7 8 9 10 11 12 13 14 15 17 18 20 19 16
1 2 3 4 5 6 7 8 9 10 11 12 13 14 15 17 19 16 18 20
1 2 3 4 5 6 7 8 9 10 11 12 13 14 15 17 19 16 20 18
1 2 3 4 5 6 7 8 9 10 11 12 13 14 15 17 19 18 16 20
1 2 3 4 5 6 7 8 9 10 11 12 13 14 15 17 19 18 20 16
1 2 3 4 5 6 7 8 9 10 11 12 13 14 15 17 19 20 16 18
1 2 3 4 5 6 7 8 9 10 11 12 13 14 15 17 19 20 18 16
1 2 3 4 5 6 7 8 9 10 11 12 13 14 15 17 20 16 18 19
1 2 3 4 5 6 7 8 9 10 11 12 13 14 15 17 20 16 19 18
1 2 3 4 5 6 7 8 9 10 11 12 13 14 15 17 20 18 16 19
1 2 3 4 5 6 7 8 9 10 11 12 13 14 15 17 20 18 19 16
1 2 3 4 5 6 7 8 9 10 11 12 13 14 15 17 20 19 16 18
1 2 3 4 5 6 7 8 9 10 11 12 13 14 15 17 20 19 18 16
1 2 3 4 5 6 7 8 9 10 11 12 13 14 15 18 16 17 19 20
1 2 3 4 5 6 7 8 9 10 11 12 13 14 15 18 16 17 20 19
1 2 3 4 5 6 7 8 9 10 11 12 13 14 15 18 16 19 17 20
1 2 3 4 5 6 7 8 9 10 11 12 13 14 15 18 16 19 20 17
1 2 3 4 5 6 7 8 9 10 11 12 13 14 15 18 16 20 17 19
1 2 3 4 5 6 7 8 9 10 11 12 13 14 15 18 16 20 19 17
1 2 3 4 5 6 7 8 9 10 11 12 13 14 15 18 17 16 19 20
1 2 3 4 5 6 7 8 9 10 11 12 13 14 15 18 17 16 20 19
1 2 3 4 5 6 7 8 9 10 11 12 13 14 15 18 17 19 16 20
1 2 3 4 5 6 7 8 9 10 11 12 13 14 15 18 17 19 20 16
1 2 3 4 5 6 7 8 9 10 11 12 13 14 15 18 17 20 16 19
1 2 3 4 5 6 7 8 9 10 11 12 13 14 15 18 17 20 19 16
1 2 3 4 5 6 7 8 9 10 11 12 13 14 15 18 19 16 17 20
1 2 3 4 5 6 7 8 9 10 11 12 13 14 15 18 19 16 20 17
1 2 3 4 5 6 7 8 9 10 11 12 13 14 15 18 19 17 16 20
1 2 3 4 5 6 7 8 9 10 11 12 13 14 15 18 19 17 20 16
1 2 3 4 5 6 7 8 9 10 11 12 13 14 15 18 19 20 16 17
1 2 3 4 5 6 7 8 9 10 11 12 13 14 15 18 19 20 17 16
1 2 3 4 5 6 7 8 9 10 11 12 13 14 15 18 20 16 17 19
1 2 3 4 5 6 7 8 9 10 11 12 13 14 15 18 20 16 19 17
1 2 3 4 5 6 7 8 9 10 11 12 13 14 15 18 20 17 16 19
1 2 3 4 5 6 7 8 9 10 11 12 13 14 15 18 20 17 19 16
1 2 3 4 5 6 7 8 9 10 11 12 13 14 15 18 20 19 16 17
1 2 3 4 5 6 7 8 9 10 11 12 13 14 15 18 20 19 17 16
1 2 3 4 5 6 7 8 9 10 11 12 13 14 15 19 16 17 18 20
1 2 3 4 5 6 7 8 9 10 11 12 13 14 15 19 16 17 20 18
1 2 3 4 5 6 7 8 9 10 11 12 13 14 15 19 16 18 17 20
1 2 3 4 5 6 7 8 9 10 11 12 13 14 15 19 16 18 20 17
1 2 3 4 5 6 7 8 9 10 11 12 13 14 15 19 16 20 17 18
1 2 3 4 5 6 7 8 9 10 11 12 13 14 15 19 16 20 18 17
1 2 3 4 5 6 7 8 9 10 11 12 13 14 15 19 17 16 18 20
1 2 3 4 5 6 7 8 9 10 11 12 13 14 15 19 17 16 20 18
1 2 3 4 5 6 7 8 9 10 11 12 13 14 15 19 17 18 16 20
1 2 3 4 5 6 7 8 9 10 11 12 13 14 15 19 17 18 20 16
1 2 3 4 5 6 7 8 9 10 11 12 13 14 15 19 17 20 16 18
1 2 3 4 5 6 7 8 9 10 11 12 13 14 15 19 17 20 18 16
1 2 3 4 5 6 7 8 9 10 11 12 13 14 15 19 18 16 17 20
1 2 3 4 5 6 7 8 9 10 11 12 13 14 15 19 18 16 20 17
1 2 3 4 5 6 7 8 9 10 11 12 13 14 15 19 18 17 16 20
1 2 3 4 5 6 7 8 9 10 11 12 13 14 15 19 18 17 20 16
1 2 3 4 5 6 7 8 9 10 11 12 13 14 15 19 18 20 16 17
1 2 3 4 5 6 7 8 9 10 11 12 13 14 15 19 18 20 17 16
1 2 3 4 5 6 7 8 9 10 11 12 13 14 15 19 20 16 17 18
1 2 3 4 5 6 7 8 9 10 11 12 13 14 15 19 20 16 18 17
1 2 3 4 5 6 7 8 9 10 11 12 13 14 15 19 20 17 16 18
1 2 3 4 5 6 7 8 9 10 11 12 13 14 15 19 20 17 18 16
1 2 3 4 5 6 7 8 9 10 11 12 13 14 15 19 20 18 16 17
1 2 3 4 5 6 7 8 9 10 11 12 13 14 15 19 20 18 17 16
1 2 3 4 5 6 7 8 9 10 11 12 13 14 15 20 16 17 18 19
1 2 3 4 5 6 7 8 9 10 11 12 13 14 15 20 16 17 19 18
1 2 3 4 5 6 7 8 9 10 11 12 13 14 15 20 16 18 17 19
1 2 3 4 5 6 7 8 9 10 11 12 13 14 15 20 16 18 19 17
1 2 3 4 5 6 7 8 9 10 11 12 13 14 15 20 16 19 17 18

20
a
b
c
d
e
f
g
h
i
j
k
l
m
n
o
p
q
r
s
t
1 2 3 4 5 6 7 8 9 10 11 12 13 14 15 16 17 18 20 19
1 2 3 4 5 6 7 8 9 10 11 12 13 14 15 16 17 19 18 20
1 2 3 4 5 6 7 8 9 10 11 12 13 14 15 16 17 19 20 18
1 2 3 4 5 6 7 8 9 10 11 12 13 14 15 16 17 20 18 19
1 2 3 4 5 6 7 8 9 10 11 12 13 14 15 16 17 20 19 18
1 2 3 4 5 6 7 8 9 10 11 12 13 14 15 16 18 17 19 20
1 2 3 4 5 6 7 8 9 10 11 12 13 14 15 16 18 17 20 19
1 2 3 4 5 6 7 8 9 10 11 12 13 14 15 16 18 19 17 20
1 2 3 4 5 6 7 8 9 10 11 12 13 14 15 16 18 19 20 17
1 2 3 4 5 6 7 8 9 10 11 12 13 14 15 16 18 20 17 19
1 2 3 4 5 6 7 8 9 10 11 12 13 14 15 16 18 20 19 17
1 2 3 4 5 6 7 8 9 10 11 12 13 14 15 16 19 17 18 20
1 2 3 4 5 6 7 8 9 10 11 12 13 14 15 16 19 17 20 18
1 2 3 4 5 6 7 8 9 10 11 12 13 14 15 16 19 18 17 20
1 2 3 4 5 6 7 8 9 10 11 12 13 14 15 16 19 18 20 17
1 2 3 4 5 6 7 8 9 10 11 12 13 14 15 16 19 20 17 18
1 2 3 4 5 6 7 8 9 10 11 12 13 14 15 16 19 20 18 17
1 2 3 4 5 6 7 8 9 10 11 12 13 14 15 16 20 17 18 19
1 2 3 4 5 6 7 8 9 10 11 12 13 14 15 16 20 17 19 18
1 2 3 4 5 6 7 8 9 10 11 12 13 14 15 16 20 18 17 19
1 2 3 4 5 6 7 8 9 10 11 12 13 14 15 16 20 18 19 17
1 2 3 4 5 6 7 8 9 10 11 12 13 14 15 16 20 19 17 18
1 2 3 4 5 6 7 8 9 10 11 12 13 14 15 16 20 19 18 17
1 2 3 4 5 6 7 8 9 10 11 12 13 14 15 17 16 18 19 20
1 2 3 4 5 6 7 8 9 10 11 12 13 14 15 17 16 18 20 19
1 2 3 4 5 6 7 8 9 10 11 12 13 14 15 17 16 19 18 20
1 2 3 4 5 6 7 8 9 10 11 12 13 14 15 17 16 19 20 18
1 2 3 4 5 6 7 8 9 10 11 12 13 14 15 17 16 20 18 19
1 2 3 4 5 6 7 8 9 10 11 12 13 14 15 17 16 20 19 18
1 2 3 4 5 6 7 8 9 10 11 12 13 14 15 17 18 16 19 20
1 2 3 4 5 6 7 8 9 10 11 12 13 14 15 17 18 16 20 19
1 2 3 4 5 6 7 8 9 10 11 12 13 14 15 17 18 19 16 20
1 2 3 4 5 6 7 8 9 10 11 12 13 14 15 17 18 19 20 16
1 2 3 4 5 6 7 8 9 10 11 12 13 14 15 17 18 20 16 19
1 2 3 4 5 6 7 8 9 10 11 12 13 14 15 17 18 20 19 16
1 2 3 4 5 6 7 8 9 10 11 12 13 14 15 17 19 16 18 20
1 2 3 4 5 6 7 8 9 10 11 12 13 14 15 17 19 16 20 18
1 2 3 4 5 6 7 8 9 10 11 12 13 14 15 17 19 18 16 20
1 2 3 4 5 6 7 8 9 10 11 12 13 14 15 17 19 18 20 16
1 2 3 4 5 6 7 8 9 10 11 12 13 14 15 17 19 20 16 18
1 2 3 4 5 6 7 8 9 10 11 12 13 14 15 17 19 20 18 16
1 2 3 4 5 6 7 8 9 10 11 12 13 14 15 17 20 16 18 19
1 2 3 4 5 6 7 8 9 10 11 12 13 14 15 17 20 16 19 18
1 2 3 4 5 6 7 8 9 10 11 12 13 14 15 17 20 18 16 19
1 2 3 4 5 6 7 8 9 10 11 12 13 14 15 17 20 18 19 16
1 2 3 4 5 6 7 8 9 10 11 12 13 14 15 17 20 19 16 18
1 2 3 4 5 6 7 8 9 10 11 12 13 14 15 17 20 19 18 16
1 2 3 4 5 6 7 8 9 10 11 12 13 14 15 18 16 17 19 20
1 2 3 4 5 6 7 8 9 10 11 12 13 14 15 18 16 17 20 19
1 2 3 4 5 6 7 8 9 10 11 12 13 14 15 18 16 19 17 20
1 2 3 4 5 6 7 8 9 10 11 12 13 14 15 18 16 19 20 17
1 2 3 4 5 6 7 8 9 10 11 12 13 14 15 18 16 20 17 19
1 2 3 4 5 6 7 8 9 10 11 12 13 14 15 18 16 20 19 17
1 2 3 4 5 6 7 8 9 10 11 12 13 14 15 18 17 16 19 20
1 2 3 4 5 6 7 8 9 10 11 12 13 14 15 18 17 16 20 19
1 2 3 4 5 6 7 8 9 10 11 12 13 14 15 18 17 19 16 20
1 2 3 4 5 6 7 8 9 10 11 12 13 14 15 18 17 19 20 16
1 2 3 4 5 6 7 8 9 10 11 12 13 14 15 18 17 20 16 19
1 2 3 4 5 6 7 8 9 10 11 12 13 14 15 18 17 20 19 16
1 2 3 4 5 6 7 8 9 10 11 12 13 14 15 18 19 16 17 20
1 2 3 4 5 6 7 8 9 10 11 12 13 14 15 18 19 16 20 17
1 2 3 4 5 6 7 8 9 10 11 12 13 14 15 18 19 17 16 20
1 2 3 4 5 6 7 8 9 10 11 12 13 14 15 18 19 17 20 16
1 2 3 4 5 6 7 8 9 10 11 12 13 14 15 18 19 20 16 17
1 2 3 4 5 6 7 8 9 10 11 12 13 14 15 18 19 20 17 16
1 2 3 4 5 6 7 8 9 10 11 12 13 14 15 18 20 16 17 19
1 2 3 4 5 6 7 8 9 10 11 12 13 14 15 18 20 16 19 17
1 2 3 4 5 6 7 8 9 10 11 12 13 14 15 18 20 17 16 19
1 2 3 4 5 6 7 8 9 10 11 12 13 14 15 18 20 17 19 16
1 2 3 4 5 6 7 8 9 10 11 12 13 14 15 18 20 19 16 17
1 2 3 4 5 6 7 8 9 10 11 12 13 14 15 18 20 19 17 16
1 2 3 4 5 6 7 8 9 10 11 12 13 14 15 19 16 17 18 20
1 2 3 4 5 6 7 8 9 10 11 12 13 14 15 19 16 17 20 18
1 2 3 4 5 6 7 8 9 10 11 12 13 14 15 19 16 18 17 20
1 2 3 4 5 6 7 8 9 10 11 12 13 14 15 19 16 18 20 17
1 2 3 4 5 6 7 8 9 10 11 12 13 14 15 19 16 20 17 18
1 2 3 4 5 6 7 8 9 10 11 12 13 14 15 19 16 20 18 17
1 2 3 4 5 6 7 8 9 10 11 12 13 14 15 19 17 16 18 20
1 2 3 4 5 6 7 8 9 10 11 12 13 14 15 19 17 16 20 18
1 2 3 4 5 6 7 8 9 10 11 12 13 14 15 19 17 18 16 20
1 2 3 4 5 6 7 8 9 10 11 12 13 14 15 19 17 18 20 16
1 2 3 4 5 6 7 8 9 10 11 12 13 14 15 19 17 20 16 18
1 2 3 4 5 6 7 8 9 10 11 12 13 14 15 19 17 20 18 16
1 2 3 4 5 6 7 8 9 10 11 12 13 14 15 19 18 16 17 20
1 2 3 4 5 6 7 8 9 10 11 12 13 14 15 19 18 16 20 17
1 2 3 4 5 6 7 8 9 10 11 12 13 14 15 19 18 17 16 20
1 2 3 4 5 6 7 8 9 10 11 12 13 14 15 19 18 17 20 16
1 2 3 4 5 6 7 8 9 10 11 12 13 14 15 19 18 20 16 17
1 2 3 4 5 6 7 8 9 10 11 12 13 14 15 19 18 20 17 16
1 2 3 4 5 6 7 8 9 10 11 12 13 14 15 19 20 16 17 18
1 2 3 4 5 6 7 8 9 10 11 12 13 14 15 19 20 16 18 17
1 2 3 4 5 6 7 8 9 10 11 12 13 14 15 19 20 17 16 18
1 2 3 4 5 6 7 8 9 10 11 12 13 14 15 19 20 17 18 16
1 2 3 4 5 6 7 8 9 10 11 12 13 14 15 19 20 18 16 17
1 2 3 4 5 6 7 8 9 10 11 12 13 14 15 19 20 18 17 16
1 2 3 4 5 6 7 8 9 10 11 12 13 14 15 20 16 17 18 19
1 2 3 4 5 6 7 8 9 10 11 12 13 14 15 20 16 17 19 18
1 2 3 4 5 6 7 8 9 10 11 12 13 14 15 20 16 18 17 19
1 2 3 4 5 6 7 8 9 10 11 12 13 14 15 20 16 18 19 17
1 2 3 4 5 6 7 8 9 10 11 12 13 14 15 20 16 19 17 18

20
a
b
c
d
e
f
g
h
i
j
k
l
m
n
o
p
q
r
s
t
1 2 3 4 5 6 7 8 9 10 11 12 13 14 15 16 17 18 20 19
1 2 3 4 5 6 7 8 9 10 11 12 13 14 15 16 17 19 18 20
1 2 3 4 5 6 7 8 9 10 11 12 13 14 15 16 17 19 20 18
1 2 3 4 5 6 7 8 9 10 11 12 13 14 15 16 17 20 18 19
1 2 3 4 5 6 7 8 9 10 11 12 13 14 15 16 17 20 19 18
1 2 3 4 5 6 7 8 9 10 11 12 13 14 15 16 18 17 19 20
1 2 3 4 5 6 7 8 9 10 11 12 13 14 15 16 18 17 20 19
1 2 3 4 5 6 7 8 9 10 11 12 13 14 15 16 18 19 17 20
1 2 3 4 5 6 7 8 9 10 11 12 13 14 15 16 18 19 20 17
1 2 3 4 5 6 7 8 9 10 11 12 13 14 15 16 18 20 17 19
1 2 3 4 5 6 7 8 9 10 11 12 13 14 15 16 18 20 19 17
1 2 3 4 5 6 7 8 9 10 11 12 13 14 15 16 19 17 18 20
1 2 3 4 5 6 7 8 9 10 11 12 13 14 15 16 19 17 20 18
1 2 3 4 5 6 7 8 9 10 11 12 13 14 15 16 19 18 17 20
1 2 3 4 5 6 7 8 9 10 11 12 13 14 15 16 19 18 20 17
1 2 3 4 5 6 7 8 9 10 11 12 13 14 15 16 19 20 17 18
1 2 3 4 5 6 7 8 9 10 11 12 13 14 15 16 19 20 18 17
1 2 3 4 5 6 7 8 9 10 11 12 13 14 15 16 20 17 18 19
1 2 3 4 5 6 7 8 9 10 11 12 13 14 15 16 20 17 19 18
1 2 3 4 5 6 7 8 9 10 11 12 13 14 15 16 20 18 17 19
1 2 3 4 5 6 7 8 9 10 11 12 13 14 15 16 20 18 19 17
1 2 3 4 5 6 7 8 9 10 11 12 13 14 15 16 20 19 17 18
1 2 3 4 5 6 7 8 9 10 11 12 13 14 15 16 20 19 18 17
1 2 3 4 5 6 7 8 9 10 11 12 13 14 15 17 16 18 19 20
1 2 3 4 5 6 7 8 9 10 11 12 13 14 15 17 16 18 20 19
1 2 3 4 5 6 7 8 9 10 11 12 13 14 15 17 16 19 18 20
1 2 3 4 5 6 7 8 9 10 11 12 13 14 15 17 16 19 20 18
1 2 3 4 5 6 7 8 9 10 11 12 13 14 15 17 16 20 18 19
1 2 3 4 5 6 7 8 9 10 11 12 13 14 15 17 16 20 19 18
1 2 3 4 5 6 7 8 9 10 11 12 13 14 15 17 18 16 19 20
1 2 3 4 5 6 7 8 9 10 11 12 13 14 15 17 18 16 20 19
1 2 3 4 5 6 7 8 9 10 11 12 13 14 15 17 18 19 16 20
1 2 3 4 5 6 7 8 9 10 11 12 13 14 15 17 18 19 20 16
1 2 3 4 5 6 7 8 9 10 11 12 13 14 15 17 18 20 16 19
1 2 3 4 5 6 7 8 9 10 11 12 13 14 15 17 18 20 19 16
1 2 3 4 5 6 7 8 9 10 11 12 13 14 15 17 19 16 18 20
1 2 3 4 5 6 7 8 9 10 11 12 13 14 15 17 19 16 20 18
1 2 3 4 5 6 7 8 9 10 11 12 13 14 15 17 19 18 16 20
1 2 3 4 5 6 7 8 9 10 11 12 13 14 15 17 19 18 20 16
1 2 3 4 5 6 7 8 9 10 11 12 13 14 15 17 19 20 16 18
1 2 3 4 5 6 7 8 9 10 11 12 13 14 15 17 19 20 18 16
1 2 3 4 5 6 7 8 9 10 11 12 13 14 15 17 20 16 18 19
1 2 3 4 5 6 7 8 9 10 11 12 13 14 15 17 20 16 19 18
1 2 3 4 5 6 7 8 9 10 11 12 13 14 15 17 20 18 16 19
1 2 3 4 5 6 7 8 9 10 11 12 13 14 15 17 20 18 19 16
1 2 3 4 5 6 7 8 9 10 11 12 13 14 15 17 20 19 16 18
1 2 3 4 5 6 7 8 9 10 11 12 13 14 15 17 20 19 18 16
1 2 3 4 5 6 7 8 9 10 11 12 13 14 15 18 16 17 19 20
1 2 3 4 5 6 7 8 9 10 11 12 13 14 15 18 16 17 20 19
1 2 3 4 5 6 7 8 9 10 11 12 13 14 15 18 16 19 17 20
1 2 3 4 5 6 7 8 9 10 11 12 13 14 15 18 16 19 20 17
1 2 3 4 5 6 7 8 9 10 11 12 13 14 15 18 16 20 17 19
1 2 3 4 5 6 7 8 9 10 11 12 13 14 15 18 16 20 19 17
1 2 3 4 5 6 7 8 9 10 11 12 13 14 15 18 17 16 19 20
1 2 3 4 5 6 7 8 9 10 11 12 13 14 15 18 17 16 20 19
1 2 3 4 5 6 7 8 9 10 11 12 13 14 15 18 17 19 16 20
1 2 3 4 5 6 7 8 9 10 11 12 13 14 15 18 17 19 20 16
1 2 3 4 5 6 7 8 9 10 11 12 13 14 15 18 17 20 16 19
1 2 3 4 5 6 7 8 9 10 11 12 13 14 15 18 17 20 19 16
1 2 3 4 5 6 7 8 9 10 11 12 13 14 15 18 19 16 17 20
1 2 3 4 5 6 7 8 9 10 11 12 13 14 15 18 19 16 20 17
1 2 3 4 5 6 7 8 9 10 11 12 13 14 15 18 19 17 16 20
1 2 3 4 5 6 7 8 9 10 11 12 13 14 15 18 19 17 20 16
1 2 3 4 5 6 7 8 9 10 11 12 13 14 15 18 19 20 16 17
1 2 3 4 5 6 7 8 9 10 11 12 13 14 15 18 19 20 17 16
1 2 3 4 5 6 7 8 9 10 11 12 13 14 15 18 20 16 17 19
1 2 3 4 5 6 7 8 9 10 11 12 13 14 15 18 20 16 19 17
1 2 3 4 5 6 7 8 9 10 11 12 13 14 15 18 20 17 16 19
1 2 3 4 5 6 7 8 9 10 11 12 13 14 15 18 20 17 19 16
1 2 3 4 5 6 7 8 9 10 11 12 13 14 15 18 20 19 16 17
1 2 3 4 5 6 7 8 9 10 11 12 13 14 15 18 20 19 17 16
1 2 3 4 5 6 7 8 9 10 11 12 13 14 15 19 16 17 18 20
1 2 3 4 5 6 7 8 9 10 11 12 13 14 15 19 16 17 20 18
1 2 3 4 5 6 7 8 9 10 11 12 13 14 15 19 16 18 17 20
1 2 3 4 5 6 7 8 9 10 11 12 13 14 15 19 16 18 20 17
1 2 3 4 5 6 7 8 9 10 11 12 13 14 15 19 16 20 17 18
1 2 3 4 5 6 7 8 9 10 11 12 13 14 15 19 16 20 18 17
1 2 3 4 5 6 7 8 9 10 11 12 13 14 15 19 17 16 18 20
1 2 3 4 5 6 7 8 9 10 11 12 13 14 15 19 17 16 20 18
1 2 3 4 5 6 7 8 9 10 11 12 13 14 15 19 17 18 16 20
1 2 3 4 5 6 7 8 9 10 11 12 13 14 15 19 17 18 20 16
1 2 3 4 5 6 7 8 9 10 11 12 13 14 15 19 17 20 16 18
1 2 3 4 5 6 7 8 9 10 11 12 13 14 15 19 17 20 18 16
1 2 3 4 5 6 7 8 9 10 11 12 13 14 15 19 18 16 17 20
1 2 3 4 5 6 7 8 9 10 11 12 13 14 15 19 18 16 20 17
1 2 3 4 5 6 7 8 9 10 11 12 13 14 15 19 18 17 16 20
1 2 3 4 5 6 7 8 9 10 11 12 13 14 15 19 18 17 20 16
1 2 3 4 5 6 7 8 9 10 11 12 13 14 15 19 18 20 16 17
1 2 3 4 5 6 7 8 9 10 11 12 13 14 15 19 18 20 17 16
1 2 3 4 5 6 7 8 9 10 11 12 13 14 15 19 20 16 17 18
1 2 3 4 5 6 7 8 9 10 11 12 13 14 15 19 20 16 18 17
1 2 3 4 5 6 7 8 9 10 11 12 13 14 15 19 20 17 16 18
1 2 3 4 5 6 7 8 9 10 11 12 13 14 15 19 20 17 18 16
1 2 3 4 5 6 7 8 9 10 11 12 13 14 15 19 20 18 16 17
1 2 3 4 5 6 7 8 9 10 11 12 13 14 15 19 20 18 17 16
1 2 3 4 5 6 7 8 9 10 11 12 13 14 15 20 16 17 18 19
1 2 3 4 5 6 7 8 9 10 11 12 13 14 15 20 16 17 19 18
1 2 3 4 5 6 7 8 9 10 11 12 13 14 15 20 16 18 17 19
1 2 3 4 5 6 7 8 9 10 11 12 13 14 15 20 16 18 19 17
1 2 3 4 5 6 7 8 9 10 11 12 13 14 15 20 16 19 17 18

20
a
b
c
d
e
f
g
h
i
j
k
l
m
n
o
p
q
r
s
t
1 2 3 4 5 6 7 8 9 10 11 12 13 14 15 16 17 18 20 19
1 2 3 4 5 6 7 8 9 10 11 12 13 14 15 16 17 19 18 20
1 2 3 4 5 6 7 8 9 10 11 12 13 14 15 16 17 19 20 18
1 2 3 4 5 6 7 8 9 10 11 12 13 14 15 16 17 20 18 19
1 2 3 4 5 6 7 8 9 10 11 12 13 14 15 16 17 20 19 18
1 2 3 4 5 6 7 8 9 10 11 12 13 14 15 16 18 17 19 20
1 2 3 4 5 6 7 8 9 10 11 12 13 14 15 16 18 17 20 19
1 2 3 4 5 6 7 8 9 10 11 12 13 14 15 16 18 19 17 20
1 2 3 4 5 6 7 8 9 10 11 12 13 14 15 16 18 19 20 17
1 2 3 4 5 6 7 8 9 10 11 12 13 14 15 16 18 20 17 19
1 2 3 4 5 6 7 8 9 10 11 12 13 14 15 16 18 20 19 17
1 2 3 4 5 6 7 8 9 10 11 12 13 14 15 16 19 17 18 20
1 2 3 4 5 6 7 8 9 10 11 12 13 14 15 16 19 17 20 18
1 2 3 4 5 6 7 8 9 10 11 12 13 14 15 16 19 18 17 20
1 2 3 4 5 6 7 8 9 10 11 12 13 14 15 16 19 18 20 17
1 2 3 4 5 6 7 8 9 10 11 12 13 14 15 16 19 20 17 18
1 2 3 4 5 6 7 8 9 10 11 12 13 14 15 16 19 20 18 17
1 2 3 4 5 6 7 8 9 10 11 12 13 14 15 16 20 17 18 19
1 2 3 4 5 6 7 8 9 10 11 12 13 14 15 16 20 17 19 18
1 2 3 4 5 6 7 8 9 10 11 12 13 14 15 16 20 18 17 19
1 2 3 4 5 6 7 8 9 10 11 12 13 14 15 16 20 18 19 17
1 2 3 4 5 6 7 8 9 10 11 12 13 14 15 16 20 19 17 18
1 2 3 4 5 6 7 8 9 10 11 12 13 14 15 16 20 19 18 17
1 2 3 4 5 6 7 8 9 10 11 12 13 14 15 17 16 18 19 20
1 2 3 4 5 6 7 8 9 10 11 12 13 14 15 17 16 18 20 19
1 2 3 4 5 6 7 8 9 10 11 12 13 14 15 17 16 19 18 20
1 2 3 4 5 6 7 8 9 10 11 12 13 14 15 17 16 19 20 18
1 2 3 4 5 6 7 8 9 10 11 12 13 14 15 17 16 20 18 19
1 2 3 4 5 6 7 8 9 10 11 12 13 14 15 17 16 20 19 18
1 2 3 4 5 6 7 8 9 10 11 12 13 14 15 17 18 16 19 20
1 2 3 4 5 6 7 8 9 10 11 12 13 14 15 17 18 16 20 19
1 2 3 4 5 6 7 8 9 10 11 12 13 14 15 17 18 19 16 20
1 2 3 4 5 6 7 8 9 10 11 12 13 14 15 17 18 19 20 16
1 2 3 4 5 6 7 8 9 10 11 12 13 14 15 17 18 20 16 19
1 2 3 4 5 6 7 8 9 10 11 12 13 14 15 17 18 20 19 16
1 2 3 4 5 6 7 8 9 10 11 12 13 14 15 17 19 16 18 20
1 2 3 4 5 6 7 8 9 10 11 12 13 14 15 17 19 16 20 18
1 2 3 4 5 6 7 8 9 10 11 12 13 14 15 17 19 18 16 20
1 2 3 4 5 6 7 8 9 10 11 12 13 14 15 17 19 18 20 16
1 2 3 4 5 6 7 8 9 10 11 12 13 14 15 17 19 20 16 18
1 2 3 4 5 6 7 8 9 10 11 12 13 14 15 17 19 20 18 16
1 2 3 4 5 6 7 8 9 10 11 12 13 14 15 17 20 16 18 19
1 2 3 4 5 6 7 8 9 10 11 12 13 14 15 17 20 16 19 18
1 2 3 4 5 6 7 8 9 10 11 12 13 14 15 17 20 18 16 19
1 2 3 4 5 6 7 8 9 10 11 12 13 14 15 17 20 18 19 16
1 2 3 4 5 6 7 8 9 10 11 12 13 14 15 17 20 19 16 18
1 2 3 4 5 6 7 8 9 10 11 12 13 14 15 17 20 19 18 16
1 2 3 4 5 6 7 8 9 10 11 12 13 14 15 18 16 17 19 20
1 2 3 4 5 6 7 8 9 10 11 12 13 14 15 18 16 17 20 19
1 2 3 4 5 6 7 8 9 10 11 12 13 14 15 18 16 19 17 20
1 2 3 4 5 6 7 8 9 10 11 12 13 14 15 18 16 19 20 17
1 2 3 4 5 6 7 8 9 10 11 12 13 14 15 18 16 20 17 19
1 2 3 4 5 6 7 8 9 10 11 12 13 14 15 18 16 20 19 17
1 2 3 4 5 6 7 8 9 10 11 12 13 14 15 18 17 16 19 20
1 2 3 4 5 6 7 8 9 10 11 12 13 14 15 18 17 16 20 19
1 2 3 4 5 6 7 8 9 10 11 12 13 14 15 18 17 19 16 20
1 2 3 4 5 6 7 8 9 10 11 12 13 14 15 18 17 19 20 16
1 2 3 4 5 6 7 8 9 10 11 12 13 14 15 18 17 20 16 19
1 2 3 4 5 6 7 8 9 10 11 12 13 14 15 18 17 20 19 16
1 2 3 4 5 6 7 8 9 10 11 12 13 14 15 18 19 16 17 20
1 2 3 4 5 6 7 8 9 10 11 12 13 14 15 18 19 16 20 17
1 2 3 4 5 6 7 8 9 10 11 12 13 14 15 18 19 17 16 20
1 2 3 4 5 6 7 8 9 10 11 12 13 14 15 18 19 17 20 16
1 2 3 4 5 6 7 8 9 10 11 12 13 14 15 18 19 20 16 17
1 2 3 4 5 6 7 8 9 10 11 12 13 14 15 18 19 20 17 16
1 2 3 4 5 6 7 8 9 10 11 12 13 14 15 18 20 16 17 19
1 2 3 4 5 6 7 8 9 10 11 12 13 14 15 18 20 16 19 17
1 2 3 4 5 6 7 8 9 10 11 12 13 14 15 18 20 17 16 19
1 2 3 4 5 6 7 8 9 10 11 12 13 14 15 18 20 17 19 16
1 2 3 4 5 6 7 8 9 10 11 12 13 14 15 18 20 19 16 17
1 2 3 4 5 6 7 8 9 10 11 12 13 14 15 18 20 19 17 16
1 2 3 4 5 6 7 8 9 10 11 12 13 14 15 19 16 17 18 20
1 2 3 4 5 6 7 8 9 10 11 12 13 14 15 19 16 17 20 18
1 2 3 4 5 6 7 8 9 10 11 12 13 14 15 19 16 18 17 20
1 2 3 4 5 6 7 8 9 10 11 12 13 14 15 19 16 18 20 17
1 2 3 4 5 6 7 8 9 10 11 12 13 14 15 19 16 20 17 18
1 2 3 4 5 6 7 8 9 10 11 12 13 14 15 19 16 20 18 17
1 2 3 4 5 6 7 8 9 10 11 12 13 14 15 19 17 16 18 20
1 2 3 4 5 6 7 8 9 10 11 12 13 14 15 19 17 16 20 18
1 2 3 4 5 6 7 8 9 10 11 12 13 14 15 19 17 18 16 20
1 2 3 4 5 6 7 8 9 10 11 12 13 14 15 19 17 18 20 16
1 2 3 4 5 6 7 8 9 10 11 12 13 14 15 19 17 20 16 18
1 2 3 4 5 6 7 8 9 10 11 12 13 14 15 19 17 20 18 16
1 2 3 4 5 6 7 8 9 10 11 12 13 14 15 19 18 16 17 20
1 2 3 4 5 6 7 8 9 10 11 12 13 14 15 19 18 16 20 17
1 2 3 4 5 6 7 8 9 10 11 12 13 14 15 19 18 17 16 20
1 2 3 4 5 6 7 8 9 10 11 12 13 14 15 19 18 17 20 16
1 2 3 4 5 6 7 8 9 10 11 12 13 14 15 19 18 20 16 17
1 2 3 4 5 6 7 8 9 10 11 12 13 14 15 19 18 20 17 16
1 2 3 4 5 6 7 8 9 10 11 12 13 14 15 19 20 16 17 18
1 2 3 4 5 6 7 8 9 10 11 12 13 14 15 19 20 16 18 17
1 2 3 4 5 6 7 8 9 10 11 12 13 14 15 19 20 17 16 18
1 2 3 4 5 6 7 8 9 10 11 12 13 14 15 19 20 17 18 16
1 2 3 4 5 6 7 8 9 10 11 12 13 14 15 19 20 18 16 17
1 2 3 4 5 6 7 8 9 10 11 12 13 14 15 19 20 18 17 16
1 2 3 4 5 6 7 8 9 10 11 12 13 14 15 20 16 17 18 19
1 2 3 4 5 6 7 8 9 10 11 12 13 14 15 20 16 17 19 18
1 2 3 4 5 6 7 8 9 10 11 12 13 14 15 20 16 18 17 19
1 2 3 4 5 6 7 8 9 10 11 12 13 14 15 20 16 18 19 17
1 2 3 4 5 6 7 8 9 10 11 12 13 14 15 20 16 19 17 18

20
a
b
c
d
e
f
g
h
i
j
k
l
m
n
o
p
q
r
s
t
1 2 3 4 5 6 7 8 9 10 11 12 13 14 15 16 17 18 20 19
1 2 3 4 5 6 7 8 9 10 11 12 13 14 15 16 17 19 18 20
1 2 3 4 5 6 7 8 9 10 11 12 13 14 15 16 17 19 20 18
1 2 3 4 5 6 7 8 9 10 11 12 13 14 15 16 17 20 18 19
1 2 3 4 5 6 7 8 9 10 11 12 13 14 15 16 17 20 19 18
1 2 3 4 5 6 7 8 9 10 11 12 13 14 15 16 18 17 19 20
1 2 3 4 5 6 7 8 9 10 11 12 13 14 15 16 18 17 20 19
1 2 3 4 5 6 7 8 9 10 11 12 13 14 15 16 18 19 17 20
1 2 3 4 5 6 7 8 9 10 11 12 13 14 15 16 18 19 20 17
1 2 3 4 5 6 7 8 9 10 11 12 13 14 15 16 18 20 17 19
1 2 3 4 5 6 7 8 9 10 11 12 13 14 15 16 18 20 19 17
1 2 3 4 5 6 7 8 9 10 11 12 13 14 15 16 19 17 18 20
1 2 3 4 5 6 7 8 9 10 11 12 13 14 15 16 19 17 20 18
1 2 3 4 5 6 7 8 9 10 11 12 13 14 15 16 19 18 17 20
1 2 3 4 5 6 7 8 9 10 11 12 13 14 15 16 19 18 20 17
1 2 3 4 5 6 7 8 9 10 11 12 13 14 15 16 19 20 17 18
1 2 3 4 5 6 7 8 9 10 11 12 13 14 15 16 19 20 18 17
1 2 3 4 5 6 7 8 9 10 11 12 13 14 15 16 20 17 18 19
1 2 3 4 5 6 7 8 9 10 11 12 13 14 15 16 20 17 19 18
1 2 3 4 5 6 7 8 9 10 11 12 13 14 15 16 20 18 17 19
1 2 3 4 5 6 7 8 9 10 11 12 13 14 15 16 20 18 19 17
1 2 3 4 5 6 7 8 9 10 11 12 13 14 15 16 20 19 17 18
1 2 3 4 5 6 7 8 9 10 11 12 13 14 15 16 20 19 18 17
1 2 3 4 5 6 7 8 9 10 11 12 13 14 15 17 16 18 19 20
1 2 3 4 5 6 7 8 9 10 11 12 13 14 15 17 16 18 20 19
1 2 3 4 5 6 7 8 9 10 11 12 13 14 15 17 16 19 18 20
1 2 3 4 5 6 7 8 9 10 11 12 13 14 15 17 16 19 20 18
1 2 3 4 5 6 7 8 9 10 11 12 13 14 15 17 16 20 18 19
1 2 3 4 5 6 7 8 9 10 11 12 13 14 15 17 16 20 19 18
1 2 3 4 5 6 7 8 9 10 11 12 13 14 15 17 18 16 19 20
1 2 3 4 5 6 7 8 9 10 11 12 13 14 15 17 18 16 20 19
1 2 3 4 5 6 7 8 9 10 11 12 13 14 15 17 18 19 16 20
1 2 3 4 5 6 7 8 9 10 11 12 13 14 15 17 18 19 20 16
1 2 3 4 5 6 7 8 9 10 11 12 13 14 15 17 18 20 16 19
1 2 3 4 5 6 7 8 9 10 11 12 13 14 15 17 18 20 19 16
1 2 3 4 5 6 7 8 9 10 11 12 13 14 15 17 19 16 18 20
1 2 3 4 5 6 7 8 9 10 11 12 13 14 15 17 19 16 20 18
1 2 3 4 5 6 7 8 9 10 11 12 13 14 15 17 19 18 16 20
1 2 3 4 5 6 7 8 9 10 11 12 13 14 15 17 19 18 20 16
1 2 3 4 5 6 7 8 9 10 11 12 13 14 15 17 19 20 16 18
1 2 3 4 5 6 7 8 9 10 11 12 13 14 15 17 19 20 18 16
1 2 3 4 5 6 7 8 9 10 11 12 13 14 15 17 20 16 18 19
1 2 3 4 5 6 7 8 9 10 11 12 13 14 15 17 20 16 19 18
1 2 3 4 5 6 7 8 9 10 11 12 13 14 15 17 20 18 16 19
1 2 3 4 5 6 7 8 9 10 11 12 13 14 15 17 20 18 19 16
1 2 3 4 5 6 7 8 9 10 11 12 13 14 15 17 20 19 16 18
1 2 3 4 5 6 7 8 9 10 11 12 13 14 15 17 20 19 18 16
1 2 3 4 5 6 7 8 9 10 11 12 13 14 15 18 16 17 19 20
1 2 3 4 5 6 7 8 9 10 11 12 13 14 15 18 16 17 20 19
1 2 3 4 5 6 7 8 9 10 11 12 13 14 15 18 16 19 17 20
1 2 3 4 5 6 7 8 9 10 11 12 13 14 15 18 16 19 20 17
1 2 3 4 5 6 7 8 9 10 11 12 13 14 15 18 16 20 17 19
1 2 3 4 5 6 7 8 9 10 11 12 13 14 15 18 16 20 19 17
1 2 3 4 5 6 7 8 9 10 11 12 13 14 15 18 17 16 19 20
1 2 3 4 5 6 7 8 9 10 11 12 13 14 15 18 17 16 20 19
1 2 3 4 5 6 7 8 9 10 11 12 13 14 15 18 17 19 16 20
1 2 3 4 5 6 7 8 9 10 11 12 13 14 15 18 17 19 20 16
1 2 3 4 5 6 7 8 9 10 11 12 13 14 15 18 17 20 16 19
1 2 3 4 5 6 7 8 9 10 11 12 13 14 15 18 17 20 19 16
1 2 3 4 5 6 7 8 9 10 11 12 13 14 15 18 19 16 17 20
1 2 3 4 5 6 7 8 9 10 11 12 13 14 15 18 19 16 20 17
1 2 3 4 5 6 7 8 9 10 11 12 13 14 15 18 19 17 16 20
1 2 3 4 5 6 7 8 9 10 11 12 13 14 15 18 19 17 20 16
1 2 3 4 5 6 7 8 9 10 11 12 13 14 15 18 19 20 16 17
1 2 3 4 5 6 7 8 9 10 11 12 13 14 15 18 19 20 17 16
1 2 3 4 5 6 7 8 9 10 11 12 13 14 15 18 20 16 17 19
1 2 3 4 5 6 7 8 9 10 11 12 13 14 15 18 20 16 19 17
1 2 3 4 5 6 7 8 9 10 11 12 13 14 15 18 20 17 16 19
1 2 3 4 5 6 7 8 9 10 11 12 13 14 15 18 20 17 19 16
1 2 3 4 5 6 7 8 9 10 11 12 13 14 15 18 20 19 16 17
1 2 3 4 5 6 7 8 9 10 11 12 13 14 15 18 20 19 17 16
1 2 3 4 5 6 7 8 9 10 11 12 13 14 15 19 16 17 18 20
1 2 3 4 5 6 7 8 9 10 11 12 13 14 15 19 16 17 20 18
1 2 3 4 5 6 7 8 9 10 11 12 13 14 15 19 16 18 17 20
1 2 3 4 5 6 7 8 9 10 11 12 13 14 15 19 16 18 20 17
1 2 3 4 5 6 7 8 9 10 11 12 13 14 15 19 16 20 17 18
1 2 3 4 5 6 7 8 9 10 11 12 13 14 15 19 16 20 18 17
1 2 3 4 5 6 7 8 9 10 11 12 13 14 15 19 17 16 18 20
1 2 3 4 5 6 7 8 9 10 11 12 13 14 15 19 17 16 20 18
1 2 3 4 5 6 7 8 9 10 11 12 13 14 15 19 17 18 16 20
1 2 3 4 5 6 7 8 9 10 11 12 13 14 15 19 17 18 20 16
1 2 3 4 5 6 7 8 9 10 11 12 13 14 15 19 17 20 16 18
1 2 3 4 5 6 7 8 9 10 11 12 13 14 15 19 17 20 18 16
1 2 3 4 5 6 7 8 9 10 11 12 13 14 15 19 18 16 17 20
1 2 3 4 5 6 7 8 9 10 11 12 13 14 15 19 18 16 20 17
1 2 3 4 5 6 7 8 9 10 11 12 13 14 15 19 18 17 16 20
1 2 3 4 5 6 7 8 9 10 11 12 13 14 15 19 18 17 20 16
1 2 3 4 5 6 7 8 9 10 11 12 13 14 15 19 18 20 16 17
1 2 3 4 5 6 7 8 9 10 11 12 13 14 15 19 18 20 17 16
1 2 3 4 5 6 7 8 9 10 11 12 13 14 15 19 20 16 17 18
1 2 3 4 5 6 7 8 9 10 11 12 13 14 15 19 20 16 18 17
1 2 3 4 5 6 7 8 9 10 11 12 13 14 15 19 20 17 16 18
1 2 3 4 5 6 7 8 9 10 11 12 13 14 15 19 20 17 18 16
1 2 3 4 5 6 7 8 9 10 11 12 13 14 15 19 20 18 16 17
1 2 3 4 5 6 7 8 9 10 11 12 13 14 15 19 20 18 17 16
1 2 3 4 5 6 7 8 9 10 11 12 13 14 15 20 16 17 18 19
1 2 3 4 5 6 7 8 9 10 11 12 13 14 15 20 16 17 19 18
1 2 3 4 5 6 7 8 9 10 11 12 13 14 15 20 16 18 17 19
1 2 3 4 5 6 7 8 9 10 11 12 13 14 15 20 16 18 19 17
1 2 3 4 5 6 7 8 9 10 11 12 13 14 15 20 16 19 17 18

