5

2
Johny
Donny
1 2
1 2
1 2
1 2
1 2
1 2
1 2
1 2
1 2
1 2
1 2
1 2
1 2
1 2
1 2
1 2
1 2
1 2
1 2
1 2
1 2
1 2
1 2
1 2
1 2
1 2
1 2
1 2
1 2
1 2
1 2
1 2
1 2
1 2
1 2
1 2
1 2
1 2

2
Johnny
Donnie
1 2
2 1
1 2
2 1
1 2
2 1
1 2
2 1
1 2
2 1
1 2
2 1
1 2
2 1
1 2
2 1
1 2
2 1
1 2
2 1
1 2
2 1
1 2
2 1
1 2
2 1
1 2
2 1
1 2
2 1
1 2
2 1
1 2
2 1
1 2
2 1
1 2
2 1
1 2
2 1
1 2
2 1
1 2
2 1
1 2
2 1
1 2
2 1
1 2
2 1
1 2
2 1
1 2
2 1
1 2
2 1
1 2
2 1
1 2
2 1
1 2
2 1
1 2
2 1
1 2
2 1
1 2
2 1
1 2
2 1
1 2
2 1
1 2
2 1
1 2
2 1
1 2
2 1
1 2
2 1
1 2
2 1
1 2
2 1
1 2
2 1
1 2
2 1
1 2
2 1
1 2
2 1
1 2
2 1
1 2
2 1

5
rick
harry
louis
chad
don
1 4 2 3 5
5 3 4 2 1
2 3 4 1 5
5 3 4 2 1
4 5 3 2 1
1 3 4 2 5
1 4 2 3 5
5 3 4 2 1
2 3 4 1 5
5 3 4 2 1
4 5 3 2 1
1 3 4 2 5
1 4 2 3 5
5 3 4 2 1
2 3 4 1 5
5 3 4 2 1
4 5 3 2 1
1 3 4 2 5
1 4 2 3 5
5 3 4 2 1
2 3 4 1 5
5 3 4 2 1
4 5 3 2 1
1 3 4 2 5
1 4 2 3 5
5 3 4 2 1
2 3 4 1 5
5 3 4 2 1
4 5 3 2 1
1 3 4 2 5
1 4 2 3 5
5 3 4 2 1
2 3 4 1 5
5 3 4 2 1
4 5 3 2 1
1 3 4 2 5
1 4 2 3 5
5 3 4 2 1
2 3 4 1 5
5 3 4 2 1
4 5 3 2 1
1 3 4 2 5
1 4 2 3 5
5 3 4 2 1
2 3 4 1 5
5 3 4 2 1
4 5 3 2 1
1 3 4 2 5
1 4 2 3 5
5 3 4 2 1
2 3 4 1 5
5 3 4 2 1
4 5 3 2 1
1 3 4 2 5
1 4 2 3 5
5 3 4 2 1
2 3 4 1 5
5 3 4 2 1
4 5 3 2 1
1 3 4 2 5
1 4 2 3 5
5 3 4 2 1
2 3 4 1 5
5 3 4 2 1
4 5 3 2 1
1 3 4 2 5
1 4 2 3 5
5 3 4 2 1
2 3 4 1 5
5 3 4 2 1
4 5 3 2 1
1 3 4 2 5
1 4 2 3 5
5 3 4 2 1
2 3 4 1 5
5 3 4 2 1
4 5 3 2 1
1 3 4 2 5
1 4 2 3 5
5 3 4 2 1
2 3 4 1 5
5 3 4 2 1
4 5 3 2 1
1 3 4 2 5
1 4 2 3 5
5 3 4 2 1
2 3 4 1 5
5 3 4 2 1
4 5 3 2 1
1 3 4 2 5
1 4 2 3 5
5 3 4 2 1
2 3 4 1 5
5 3 4 2 1
4 5 3 2 1
1 3 4 2 5
1 4 2 3 5
5 3 4 2 1
2 3 4 1 5
5 3 4 2 1
4 5 3 2 1
1 3 4 2 5
1 4 2 3 5
5 3 4 2 1
2 3 4 1 5
5 3 4 2 1
4 5 3 2 1
1 3 4 2 5
1 4 2 3 5
5 3 4 2 1
2 3 4 1 5
5 3 4 2 1
4 5 3 2 1
1 3 4 2 5
1 4 2 3 5
5 3 4 2 1
2 3 4 1 5
5 3 4 2 1
4 5 3 2 1
1 3 4 2 5
1 4 2 3 5
5 3 4 2 1
2 3 4 1 5
5 3 4 2 1
4 5 3 2 1
1 3 4 2 5
1 4 2 3 5
5 3 4 2 1
2 3 4 1 5
5 3 4 2 1
4 5 3 2 1
1 3 4 2 5
1 4 2 3 5
5 3 4 2 1
2 3 4 1 5
5 3 4 2 1
4 5 3 2 1
1 3 4 2 5
1 4 2 3 5
5 3 4 2 1
2 3 4 1 5
5 3 4 2 1
4 5 3 2 1
1 3 4 2 5
1 4 2 3 5
5 3 4 2 1
2 3 4 1 5
5 3 4 2 1
4 5 3 2 1
1 3 4 2 5
1 4 2 3 5
5 3 4 2 1
2 3 4 1 5
5 3 4 2 1
4 5 3 2 1
1 3 4 2 5
1 4 2 3 5
5 3 4 2 1
2 3 4 1 5
5 3 4 2 1
4 5 3 2 1
1 3 4 2 5
1 4 2 3 5
5 3 4 2 1
2 3 4 1 5
5 3 4 2 1
4 5 3 2 1
1 3 4 2 5
1 4 2 3 5
5 3 4 2 1
2 3 4 1 5
5 3 4 2 1
4 5 3 2 1
1 3 4 2 5
1 4 2 3 5
5 3 4 2 1
2 3 4 1 5
5 3 4 2 1
4 5 3 2 1
1 3 4 2 5
1 4 2 3 5
5 3 4 2 1
2 3 4 1 5
5 3 4 2 1
4 5 3 2 1
1 3 4 2 5
1 4 2 3 5
5 3 4 2 1
2 3 4 1 5
5 3 4 2 1
4 5 3 2 1
1 3 4 2 5
1 4 2 3 5
5 3 4 2 1
2 3 4 1 5
5 3 4 2 1
4 5 3 2 1
1 3 4 2 5
1 4 2 3 5
5 3 4 2 1
2 3 4 1 5
5 3 4 2 1
4 5 3 2 1
1 3 4 2 5
1 4 2 3 5
5 3 4 2 1
2 3 4 1 5
5 3 4 2 1
4 5 3 2 1
1 3 4 2 5
1 4 2 3 5
5 3 4 2 1
2 3 4 1 5
5 3 4 2 1
4 5 3 2 1
1 3 4 2 5
1 4 2 3 5
5 3 4 2 1
2 3 4 1 5
5 3 4 2 1
4 5 3 2 1
1 3 4 2 5
1 4 2 3 5
5 3 4 2 1
2 3 4 1 5
5 3 4 2 1
4 5 3 2 1
1 3 4 2 5
1 4 2 3 5
5 3 4 2 1
2 3 4 1 5
5 3 4 2 1
4 5 3 2 1
1 3 4 2 5
1 4 2 3 5
5 3 4 2 1
2 3 4 1 5
5 3 4 2 1
4 5 3 2 1
1 3 4 2 5
1 4 2 3 5
5 3 4 2 1
2 3 4 1 5
5 3 4 2 1
4 5 3 2 1
1 3 4 2 5
1 4 2 3 5
5 3 4 2 1
2 3 4 1 5
5 3 4 2 1
4 5 3 2 1
1 3 4 2 5
1 4 2 3 5
5 3 4 2 1
2 3 4 1 5
5 3 4 2 1
4 5 3 2 1
1 3 4 2 5
1 4 2 3 5
5 3 4 2 1
2 3 4 1 5
5 3 4 2 1
4 5 3 2 1
1 3 4 2 5
1 4 2 3 5
5 3 4 2 1
2 3 4 1 5
5 3 4 2 1
4 5 3 2 1
1 3 4 2 5
1 4 2 3 5
5 3 4 2 1
2 3 4 1 5
5 3 4 2 1
4 5 3 2 1
1 3 4 2 5
1 4 2 3 5
5 3 4 2 1
2 3 4 1 5
5 3 4 2 1
4 5 3 2 1
1 3 4 2 5
1 4 2 3 5
5 3 4 2 1
2 3 4 1 5
5 3 4 2 1
4 5 3 2 1
1 3 4 2 5
1 4 2 3 5
5 3 4 2 1
2 3 4 1 5
5 3 4 2 1
4 5 3 2 1
1 3 4 2 5
1 4 2 3 5
5 3 4 2 1
2 3 4 1 5
5 3 4 2 1
4 5 3 2 1
1 3 4 2 5
1 4 2 3 5
5 3 4 2 1
2 3 4 1 5
5 3 4 2 1
4 5 3 2 1
1 3 4 2 5
1 4 2 3 5
5 3 4 2 1
2 3 4 1 5
5 3 4 2 1
4 5 3 2 1
1 3 4 2 5
1 4 2 3 5
5 3 4 2 1
2 3 4 1 5
5 3 4 2 1
4 5 3 2 1
1 3 4 2 5
1 4 2 3 5
5 3 4 2 1
2 3 4 1 5
5 3 4 2 1
4 5 3 2 1
1 3 4 2 5
1 4 2 3 5
5 3 4 2 1
2 3 4 1 5
5 3 4 2 1
4 5 3 2 1
1 3 4 2 5
1 4 2 3 5
5 3 4 2 1
2 3 4 1 5
5 3 4 2 1
4 5 3 2 1
1 3 4 2 5
1 4 2 3 5
5 3 4 2 1
2 3 4 1 5
5 3 4 2 1
4 5 3 2 1
1 3 4 2 5
1 4 2 3 5
5 3 4 2 1
2 3 4 1 5
5 3 4 2 1
4 5 3 2 1
1 3 4 2 5
1 4 2 3 5
5 3 4 2 1
2 3 4 1 5
5 3 4 2 1
4 5 3 2 1
1 3 4 2 5
1 4 2 3 5
5 3 4 2 1
2 3 4 1 5
5 3 4 2 1
4 5 3 2 1
1 3 4 2 5
1 4 2 3 5
5 3 4 2 1
2 3 4 1 5
5 3 4 2 1
4 5 3 2 1
1 3 4 2 5
1 4 2 3 5
5 3 4 2 1
2 3 4 1 5
5 3 4 2 1
4 5 3 2 1
1 3 4 2 5
1 4 2 3 5
5 3 4 2 1
2 3 4 1 5
5 3 4 2 1
4 5 3 2 1
1 3 4 2 5
1 4 2 3 5
5 3 4 2 1
2 3 4 1 5
5 3 4 2 1
4 5 3 2 1
1 3 4 2 5
1 4 2 3 5
5 3 4 2 1
2 3 4 1 5
5 3 4 2 1
4 5 3 2 1
1 3 4 2 5
1 4 2 3 5
5 3 4 2 1
2 3 4 1 5
5 3 4 2 1
4 5 3 2 1
1 3 4 2 5
1 4 2 3 5
5 3 4 2 1
2 3 4 1 5
5 3 4 2 1
4 5 3 2 1
1 3 4 2 5
1 4 2 3 5
5 3 4 2 1
2 3 4 1 5
5 3 4 2 1
4 5 3 2 1
1 3 4 2 5
1 4 2 3 5
5 3 4 2 1
2 3 4 1 5
5 3 4 2 1
4 5 3 2 1
1 3 4 2 5
1 4 2 3 5
5 3 4 2 1
2 3 4 1 5
5 3 4 2 1
4 5 3 2 1
1 3 4 2 5
1 4 2 3 5
5 3 4 2 1
2 3 4 1 5
5 3 4 2 1
4 5 3 2 1
1 3 4 2 5
1 4 2 3 5
5 3 4 2 1
2 3 4 1 5
5 3 4 2 1
4 5 3 2 1
1 3 4 2 5
1 4 2 3 5
5 3 4 2 1
2 3 4 1 5
5 3 4 2 1
4 5 3 2 1
1 3 4 2 5
1 4 2 3 5
5 3 4 2 1
2 3 4 1 5
5 3 4 2 1
4 5 3 2 1
1 3 4 2 5
1 4 2 3 5
5 3 4 2 1
2 3 4 1 5
5 3 4 2 1
4 5 3 2 1
1 3 4 2 5

9
a
b
c
d
e
f
g
h
i
1 9 8 7 6 5 4 3 2
8 7 6 5 4 3 2 1 9
7 9 8 6 4 5 2 3 1 
1 8 6 9 7 4 3 2 5
1 9 8 7 6 5 4 3 2
8 7 6 5 4 3 2 1 9
7 9 8 6 4 5 2 3 1 
1 8 6 9 7 4 3 2 5
1 9 8 7 6 5 4 3 2
8 7 6 5 4 3 2 1 9
7 9 8 6 4 5 2 3 1 
1 8 6 9 7 4 3 2 5
1 9 8 7 6 5 4 3 2
8 7 6 5 4 3 2 1 9
7 9 8 6 4 5 2 3 1 
1 8 6 9 7 4 3 2 5
1 9 8 7 6 5 4 3 2
8 7 6 5 4 3 2 1 9
7 9 8 6 4 5 2 3 1 
1 8 6 9 7 4 3 2 5
1 9 8 7 6 5 4 3 2
8 7 6 5 4 3 2 1 9
7 9 8 6 4 5 2 3 1 
1 8 6 9 7 4 3 2 5
1 9 8 7 6 5 4 3 2
8 7 6 5 4 3 2 1 9
7 9 8 6 4 5 2 3 1 
1 8 6 9 7 4 3 2 5
1 9 8 7 6 5 4 3 2
8 7 6 5 4 3 2 1 9
7 9 8 6 4 5 2 3 1 
1 8 6 9 7 4 3 2 5
1 9 8 7 6 5 4 3 2
8 7 6 5 4 3 2 1 9
7 9 8 6 4 5 2 3 1 
1 8 6 9 7 4 3 2 5
1 9 8 7 6 5 4 3 2
8 7 6 5 4 3 2 1 9
7 9 8 6 4 5 2 3 1 
1 8 6 9 7 4 3 2 5
1 9 8 7 6 5 4 3 2
8 7 6 5 4 3 2 1 9
7 9 8 6 4 5 2 3 1 
1 8 6 9 7 4 3 2 5
1 9 8 7 6 5 4 3 2
8 7 6 5 4 3 2 1 9
7 9 8 6 4 5 2 3 1 
1 8 6 9 7 4 3 2 5
1 9 8 7 6 5 4 3 2
8 7 6 5 4 3 2 1 9
7 9 8 6 4 5 2 3 1 
1 8 6 9 7 4 3 2 5
1 9 8 7 6 5 4 3 2
8 7 6 5 4 3 2 1 9
7 9 8 6 4 5 2 3 1 
1 8 6 9 7 4 3 2 5
1 9 8 7 6 5 4 3 2
8 7 6 5 4 3 2 1 9
7 9 8 6 4 5 2 3 1 
1 8 6 9 7 4 3 2 5
1 9 8 7 6 5 4 3 2
8 7 6 5 4 3 2 1 9
7 9 8 6 4 5 2 3 1 
1 8 6 9 7 4 3 2 5
1 9 8 7 6 5 4 3 2
8 7 6 5 4 3 2 1 9
7 9 8 6 4 5 2 3 1 
1 8 6 9 7 4 3 2 5
1 9 8 7 6 5 4 3 2
8 7 6 5 4 3 2 1 9
7 9 8 6 4 5 2 3 1 
1 8 6 9 7 4 3 2 5
1 9 8 7 6 5 4 3 2
8 7 6 5 4 3 2 1 9
7 9 8 6 4 5 2 3 1 
1 8 6 9 7 4 3 2 5
1 9 8 7 6 5 4 3 2
8 7 6 5 4 3 2 1 9
7 9 8 6 4 5 2 3 1 
1 8 6 9 7 4 3 2 5
1 9 8 7 6 5 4 3 2
8 7 6 5 4 3 2 1 9
7 9 8 6 4 5 2 3 1 
1 8 6 9 7 4 3 2 5
1 9 8 7 6 5 4 3 2
8 7 6 5 4 3 2 1 9
7 9 8 6 4 5 2 3 1 
1 8 6 9 7 4 3 2 5
1 9 8 7 6 5 4 3 2
8 7 6 5 4 3 2 1 9
7 9 8 6 4 5 2 3 1 
1 8 6 9 7 4 3 2 5
1 9 8 7 6 5 4 3 2
8 7 6 5 4 3 2 1 9
7 9 8 6 4 5 2 3 1 
1 8 6 9 7 4 3 2 5
1 9 8 7 6 5 4 3 2
8 7 6 5 4 3 2 1 9
7 9 8 6 4 5 2 3 1 
1 8 6 9 7 4 3 2 5
1 9 8 7 6 5 4 3 2
8 7 6 5 4 3 2 1 9
7 9 8 6 4 5 2 3 1 
1 8 6 9 7 4 3 2 5
1 9 8 7 6 5 4 3 2
8 7 6 5 4 3 2 1 9
7 9 8 6 4 5 2 3 1 
1 8 6 9 7 4 3 2 5
1 9 8 7 6 5 4 3 2
8 7 6 5 4 3 2 1 9
7 9 8 6 4 5 2 3 1 
1 8 6 9 7 4 3 2 5
1 9 8 7 6 5 4 3 2
8 7 6 5 4 3 2 1 9
7 9 8 6 4 5 2 3 1 
1 8 6 9 7 4 3 2 5
1 9 8 7 6 5 4 3 2
8 7 6 5 4 3 2 1 9
7 9 8 6 4 5 2 3 1 
1 8 6 9 7 4 3 2 5
1 9 8 7 6 5 4 3 2
8 7 6 5 4 3 2 1 9
7 9 8 6 4 5 2 3 1 
1 8 6 9 7 4 3 2 5
1 9 8 7 6 5 4 3 2
8 7 6 5 4 3 2 1 9
7 9 8 6 4 5 2 3 1 
1 8 6 9 7 4 3 2 5
1 9 8 7 6 5 4 3 2
8 7 6 5 4 3 2 1 9
7 9 8 6 4 5 2 3 1 
1 8 6 9 7 4 3 2 5
1 9 8 7 6 5 4 3 2
8 7 6 5 4 3 2 1 9
7 9 8 6 4 5 2 3 1 
1 8 6 9 7 4 3 2 5
1 9 8 7 6 5 4 3 2
8 7 6 5 4 3 2 1 9
7 9 8 6 4 5 2 3 1 
1 8 6 9 7 4 3 2 5
1 9 8 7 6 5 4 3 2
8 7 6 5 4 3 2 1 9
7 9 8 6 4 5 2 3 1 
1 8 6 9 7 4 3 2 5
1 9 8 7 6 5 4 3 2
8 7 6 5 4 3 2 1 9
7 9 8 6 4 5 2 3 1 
1 8 6 9 7 4 3 2 5
1 9 8 7 6 5 4 3 2
8 7 6 5 4 3 2 1 9
7 9 8 6 4 5 2 3 1 
1 8 6 9 7 4 3 2 5
1 9 8 7 6 5 4 3 2
8 7 6 5 4 3 2 1 9
7 9 8 6 4 5 2 3 1 
1 8 6 9 7 4 3 2 5
1 9 8 7 6 5 4 3 2
8 7 6 5 4 3 2 1 9
7 9 8 6 4 5 2 3 1 
1 8 6 9 7 4 3 2 5
1 9 8 7 6 5 4 3 2
8 7 6 5 4 3 2 1 9
7 9 8 6 4 5 2 3 1 
1 8 6 9 7 4 3 2 5
1 9 8 7 6 5 4 3 2
8 7 6 5 4 3 2 1 9
7 9 8 6 4 5 2 3 1 
1 8 6 9 7 4 3 2 5
1 9 8 7 6 5 4 3 2
8 7 6 5 4 3 2 1 9
7 9 8 6 4 5 2 3 1 
1 8 6 9 7 4 3 2 5
1 9 8 7 6 5 4 3 2
8 7 6 5 4 3 2 1 9
7 9 8 6 4 5 2 3 1 
1 8 6 9 7 4 3 2 5
1 9 8 7 6 5 4 3 2
8 7 6 5 4 3 2 1 9
7 9 8 6 4 5 2 3 1 
1 8 6 9 7 4 3 2 5
1 9 8 7 6 5 4 3 2
8 7 6 5 4 3 2 1 9
7 9 8 6 4 5 2 3 1 
1 8 6 9 7 4 3 2 5
1 9 8 7 6 5 4 3 2
8 7 6 5 4 3 2 1 9
7 9 8 6 4 5 2 3 1 
1 8 6 9 7 4 3 2 5
1 9 8 7 6 5 4 3 2
8 7 6 5 4 3 2 1 9
7 9 8 6 4 5 2 3 1 
1 8 6 9 7 4 3 2 5
1 9 8 7 6 5 4 3 2
8 7 6 5 4 3 2 1 9
7 9 8 6 4 5 2 3 1 
1 8 6 9 7 4 3 2 5
1 9 8 7 6 5 4 3 2
8 7 6 5 4 3 2 1 9
7 9 8 6 4 5 2 3 1 
1 8 6 9 7 4 3 2 5
1 9 8 7 6 5 4 3 2
8 7 6 5 4 3 2 1 9
7 9 8 6 4 5 2 3 1 
1 8 6 9 7 4 3 2 5
1 9 8 7 6 5 4 3 2
8 7 6 5 4 3 2 1 9
7 9 8 6 4 5 2 3 1 
1 8 6 9 7 4 3 2 5
1 9 8 7 6 5 4 3 2
8 7 6 5 4 3 2 1 9
7 9 8 6 4 5 2 3 1 
1 8 6 9 7 4 3 2 5
1 9 8 7 6 5 4 3 2
8 7 6 5 4 3 2 1 9
7 9 8 6 4 5 2 3 1 
1 8 6 9 7 4 3 2 5
1 9 8 7 6 5 4 3 2
8 7 6 5 4 3 2 1 9
7 9 8 6 4 5 2 3 1 
1 8 6 9 7 4 3 2 5
1 9 8 7 6 5 4 3 2
8 7 6 5 4 3 2 1 9
7 9 8 6 4 5 2 3 1 
1 8 6 9 7 4 3 2 5
1 9 8 7 6 5 4 3 2
8 7 6 5 4 3 2 1 9
7 9 8 6 4 5 2 3 1 
1 8 6 9 7 4 3 2 5
1 9 8 7 6 5 4 3 2
8 7 6 5 4 3 2 1 9
7 9 8 6 4 5 2 3 1 
1 8 6 9 7 4 3 2 5
1 9 8 7 6 5 4 3 2
8 7 6 5 4 3 2 1 9
7 9 8 6 4 5 2 3 1 
1 8 6 9 7 4 3 2 5
1 9 8 7 6 5 4 3 2
8 7 6 5 4 3 2 1 9
7 9 8 6 4 5 2 3 1 
1 8 6 9 7 4 3 2 5
1 9 8 7 6 5 4 3 2
8 7 6 5 4 3 2 1 9
7 9 8 6 4 5 2 3 1 
1 8 6 9 7 4 3 2 5
1 9 8 7 6 5 4 3 2
8 7 6 5 4 3 2 1 9
7 9 8 6 4 5 2 3 1 
1 8 6 9 7 4 3 2 5
1 9 8 7 6 5 4 3 2
8 7 6 5 4 3 2 1 9
7 9 8 6 4 5 2 3 1 
1 8 6 9 7 4 3 2 5
1 9 8 7 6 5 4 3 2
8 7 6 5 4 3 2 1 9
7 9 8 6 4 5 2 3 1 
1 8 6 9 7 4 3 2 5
1 9 8 7 6 5 4 3 2
8 7 6 5 4 3 2 1 9
7 9 8 6 4 5 2 3 1 
1 8 6 9 7 4 3 2 5
1 9 8 7 6 5 4 3 2
8 7 6 5 4 3 2 1 9
7 9 8 6 4 5 2 3 1 
1 8 6 9 7 4 3 2 5
1 9 8 7 6 5 4 3 2
8 7 6 5 4 3 2 1 9
7 9 8 6 4 5 2 3 1 
1 8 6 9 7 4 3 2 5
1 9 8 7 6 5 4 3 2
8 7 6 5 4 3 2 1 9
7 9 8 6 4 5 2 3 1 
1 8 6 9 7 4 3 2 5
1 9 8 7 6 5 4 3 2
8 7 6 5 4 3 2 1 9
7 9 8 6 4 5 2 3 1 
1 8 6 9 7 4 3 2 5
1 9 8 7 6 5 4 3 2
8 7 6 5 4 3 2 1 9
7 9 8 6 4 5 2 3 1 
1 8 6 9 7 4 3 2 5
1 9 8 7 6 5 4 3 2
8 7 6 5 4 3 2 1 9
7 9 8 6 4 5 2 3 1 
1 8 6 9 7 4 3 2 5
1 9 8 7 6 5 4 3 2
8 7 6 5 4 3 2 1 9
7 9 8 6 4 5 2 3 1 
1 8 6 9 7 4 3 2 5
1 9 8 7 6 5 4 3 2
8 7 6 5 4 3 2 1 9
7 9 8 6 4 5 2 3 1 
1 8 6 9 7 4 3 2 5
1 9 8 7 6 5 4 3 2
8 7 6 5 4 3 2 1 9
7 9 8 6 4 5 2 3 1 
1 8 6 9 7 4 3 2 5
1 9 8 7 6 5 4 3 2
8 7 6 5 4 3 2 1 9
7 9 8 6 4 5 2 3 1 
1 8 6 9 7 4 3 2 5
1 9 8 7 6 5 4 3 2
8 7 6 5 4 3 2 1 9
7 9 8 6 4 5 2 3 1 
1 8 6 9 7 4 3 2 5
1 9 8 7 6 5 4 3 2
8 7 6 5 4 3 2 1 9
7 9 8 6 4 5 2 3 1 
1 8 6 9 7 4 3 2 5
1 9 8 7 6 5 4 3 2
8 7 6 5 4 3 2 1 9
7 9 8 6 4 5 2 3 1 
1 8 6 9 7 4 3 2 5
1 9 8 7 6 5 4 3 2
8 7 6 5 4 3 2 1 9
7 9 8 6 4 5 2 3 1 
1 8 6 9 7 4 3 2 5
1 9 8 7 6 5 4 3 2
8 7 6 5 4 3 2 1 9
7 9 8 6 4 5 2 3 1 
1 8 6 9 7 4 3 2 5
1 9 8 7 6 5 4 3 2
8 7 6 5 4 3 2 1 9
7 9 8 6 4 5 2 3 1 
1 8 6 9 7 4 3 2 5
1 9 8 7 6 5 4 3 2
8 7 6 5 4 3 2 1 9
7 9 8 6 4 5 2 3 1 
1 8 6 9 7 4 3 2 5
1 9 8 7 6 5 4 3 2
8 7 6 5 4 3 2 1 9
7 9 8 6 4 5 2 3 1 
1 8 6 9 7 4 3 2 5
1 9 8 7 6 5 4 3 2
8 7 6 5 4 3 2 1 9
7 9 8 6 4 5 2 3 1 
1 8 6 9 7 4 3 2 5
1 9 8 7 6 5 4 3 2
8 7 6 5 4 3 2 1 9
7 9 8 6 4 5 2 3 1 
1 8 6 9 7 4 3 2 5
1 9 8 7 6 5 4 3 2
8 7 6 5 4 3 2 1 9
7 9 8 6 4 5 2 3 1 
1 8 6 9 7 4 3 2 5
1 9 8 7 6 5 4 3 2
8 7 6 5 4 3 2 1 9
7 9 8 6 4 5 2 3 1 
1 8 6 9 7 4 3 2 5

3
1 2 3
1 2 3
3 2 1
2 3 1
2 1 3
3 2 1
3 1 2
1 2 3
1 2 3
3 2 1
2 3 1
2 1 3
3 2 1
3 1 2
1 2 3
1 2 3
3 2 1
2 3 1
2 1 3
3 2 1
3 1 2
1 2 3
1 2 3
3 2 1
2 3 1
2 1 3
3 2 1
3 1 2
1 2 3
1 2 3
3 2 1
2 3 1
2 1 3
3 2 1
3 1 2
1 2 3
1 2 3
3 2 1
2 3 1
2 1 3
3 2 1
3 1 2
1 2 3
1 2 3
3 2 1
2 3 1
2 1 3
3 2 1
3 1 2
1 2 3
1 2 3
3 2 1
2 3 1
2 1 3
3 2 1
3 1 2
1 2 3
1 2 3
3 2 1
2 3 1
2 1 3
3 2 1
3 1 2
1 2 3
1 2 3
3 2 1
2 3 1
2 1 3
3 2 1
3 1 2
1 2 3
1 2 3
3 2 1
2 3 1
2 1 3
3 2 1
3 1 2
1 2 3
1 2 3
3 2 1
2 3 1
2 1 3
3 2 1
3 1 2
1 2 3
1 2 3
3 2 1
2 3 1
2 1 3
3 2 1
3 1 2
1 2 3
1 2 3
3 2 1
2 3 1
2 1 3
3 2 1
3 1 2
1 2 3
1 2 3
3 2 1
2 3 1
2 1 3
3 2 1
3 1 2
1 2 3
1 2 3
3 2 1
2 3 1
2 1 3
3 2 1
3 1 2
1 2 3
1 2 3
3 2 1
2 3 1
2 1 3
3 2 1
3 1 2
1 2 3
1 2 3
3 2 1
2 3 1
2 1 3
3 2 1
3 1 2
1 2 3
1 2 3
3 2 1
2 3 1
2 1 3
3 2 1
3 1 2
1 2 3
1 2 3
3 2 1
2 3 1
2 1 3
3 2 1
3 1 2
1 2 3
1 2 3
3 2 1
2 3 1
2 1 3
3 2 1
3 1 2
1 2 3
1 2 3
3 2 1
2 3 1
2 1 3
3 2 1
3 1 2
3 1 2
1 2 3
1 2 3
3 2 1
2 3 1
2 1 3
3 2 1
3 1 2
1 2 3
1 2 3
3 2 1
2 3 1
2 1 3
3 2 1
3 1 2
1 2 3
1 2 3
3 2 1
2 3 1
2 1 3
3 2 1
3 1 2
1 2 3
1 2 3
3 2 1
2 3 1
2 1 3
3 2 1
3 1 2
3 1 2
1 2 3
1 2 3
3 2 1
2 3 1
2 1 3
3 2 1
3 1 2
1 2 3
1 2 3
3 2 1
2 3 1
2 1 3
3 2 1
3 1 2
1 2 3
1 2 3
3 2 1
2 3 1
2 1 3
3 2 1
3 1 2
1 2 3
1 2 3
3 2 1
2 3 1
2 1 3
3 2 1
3 1 2
3 1 2
1 2 3
1 2 3
3 2 1
2 3 1
2 1 3
3 2 1
3 1 2
1 2 3
1 2 3
3 2 1
2 3 1
2 1 3
3 2 1
3 1 2
1 2 3
1 2 3
3 2 1
2 3 1
2 1 3
3 2 1
3 1 2
1 2 3
1 2 3
3 2 1
2 3 1
2 1 3
3 2 1
3 1 2
3 1 2
1 2 3
1 2 3
3 2 1
2 3 1
2 1 3
3 2 1
3 1 2
1 2 3
1 2 3
3 2 1
2 3 1
2 1 3
3 2 1
3 1 2
1 2 3
1 2 3
3 2 1
2 3 1
2 1 3
3 2 1
3 1 2
1 2 3
1 2 3
3 2 1
2 3 1
2 1 3
3 2 1
3 1 2
3 1 2
1 2 3
1 2 3
3 2 1
2 3 1
2 1 3
3 2 1
3 1 2
1 2 3
1 2 3
3 2 1
2 3 1
2 1 3
3 2 1
3 1 2
1 2 3
1 2 3
3 2 1
2 3 1
2 1 3
3 2 1
3 1 2
1 2 3
1 2 3
3 2 1
2 3 1
2 1 3
3 2 1
3 1 2
3 1 2
1 2 3
1 2 3
3 2 1
2 3 1
2 1 3
3 2 1
3 1 2
1 2 3
1 2 3
3 2 1
2 3 1
2 1 3
3 2 1
3 1 2
1 2 3
1 2 3
3 2 1
2 3 1
2 1 3
3 2 1
3 1 2
1 2 3
1 2 3
3 2 1
2 3 1
2 1 3
3 2 1
3 1 2
3 1 2
1 2 3
1 2 3
3 2 1
2 3 1
2 1 3
3 2 1
3 1 2
1 2 3
1 2 3
3 2 1
2 3 1
2 1 3
3 2 1
3 1 2
1 2 3
1 2 3
3 2 1
2 3 1
2 1 3
3 2 1
3 1 2
1 2 3
1 2 3
3 2 1
2 3 1
2 1 3
3 2 1
3 1 2
3 1 2
1 2 3
1 2 3
3 2 1
2 3 1
2 1 3
3 2 1
3 1 2
1 2 3
1 2 3
3 2 1
2 3 1
2 1 3
3 2 1
3 1 2
1 2 3
1 2 3
3 2 1
2 3 1
2 1 3
3 2 1
3 1 2
1 2 3
1 2 3
3 2 1
2 3 1
2 1 3
3 2 1
3 1 2
3 1 2
1 2 3
1 2 3
3 2 1
2 3 1
2 1 3
3 2 1
3 1 2
1 2 3
1 2 3
3 2 1
2 3 1
2 1 3
3 2 1
3 1 2
1 2 3
1 2 3
3 2 1
2 3 1
2 1 3
3 2 1
3 1 2
1 2 3
1 2 3
3 2 1
2 3 1
2 1 3
3 2 1
3 1 2
3 1 2
1 2 3
1 2 3
3 2 1
2 3 1
2 1 3
3 2 1
3 1 2
1 2 3
1 2 3
3 2 1
2 3 1
2 1 3
3 2 1
3 1 2
1 2 3
1 2 3
3 2 1
2 3 1
2 1 3
3 2 1
3 1 2
1 2 3
1 2 3
3 2 1
2 3 1
2 1 3
3 2 1
3 1 2
3 1 2
1 2 3
1 2 3
3 2 1
2 3 1
2 1 3
3 2 1
3 1 2
1 2 3
1 2 3
3 2 1
2 3 1
2 1 3
3 2 1
3 1 2
1 2 3
1 2 3
3 2 1
2 3 1
2 1 3
3 2 1
3 1 2
1 2 3
1 2 3
3 2 1
2 3 1
2 1 3
3 2 1
3 1 2
3 1 2
1 2 3
1 2 3
3 2 1
2 3 1
2 1 3
3 2 1
3 1 2
1 2 3
1 2 3
3 2 1
2 3 1
2 1 3
3 2 1
3 1 2
1 2 3
1 2 3
3 2 1
2 3 1
2 1 3
3 2 1
3 1 2
1 2 3
1 2 3
3 2 1
2 3 1
2 1 3
3 2 1
3 1 2
3 1 2
1 2 3
1 2 3
3 2 1
2 3 1
2 1 3
3 2 1
3 1 2
1 2 3
1 2 3
3 2 1
2 3 1
2 1 3
3 2 1
3 1 2
1 2 3
1 2 3
3 2 1
2 3 1
2 1 3
3 2 1
3 1 2
1 2 3
1 2 3
3 2 1
2 3 1
2 1 3
3 2 1
3 1 2
3 1 2
1 2 3
1 2 3
3 2 1
2 3 1
2 1 3
3 2 1
3 1 2
1 2 3
1 2 3
3 2 1
2 3 1
2 1 3
3 2 1
3 1 2
1 2 3
1 2 3
3 2 1
2 3 1
2 1 3
3 2 1
3 1 2
1 2 3
1 2 3
3 2 1
2 3 1
2 1 3
3 2 1
3 1 2
3 1 2
1 2 3
1 2 3
3 2 1
2 3 1
2 1 3
3 2 1
3 1 2
1 2 3
1 2 3
3 2 1
2 3 1
2 1 3
3 2 1
3 1 2
1 2 3
1 2 3
3 2 1
2 3 1
2 1 3
3 2 1
3 1 2
1 2 3
1 2 3
3 2 1
2 3 1
2 1 3
3 2 1
3 1 2
3 1 2
1 2 3
1 2 3
3 2 1
2 3 1
2 1 3
3 2 1
3 1 2
1 2 3
1 2 3
3 2 1
2 3 1
2 1 3
3 2 1
3 1 2
1 2 3
1 2 3
3 2 1
2 3 1
2 1 3
3 2 1
3 1 2
1 2 3
1 2 3
3 2 1
2 3 1
2 1 3
3 2 1
3 1 2
3 1 2
1 2 3
1 2 3
3 2 1
2 3 1
2 1 3
3 2 1
3 1 2
1 2 3
1 2 3
3 2 1
2 3 1
2 1 3
3 2 1
3 1 2
1 2 3
1 2 3
3 2 1
2 3 1
2 1 3
3 2 1
3 1 2
1 2 3
1 2 3
3 2 1
2 3 1
2 1 3
3 2 1
3 1 2
3 1 2
1 2 3
1 2 3
3 2 1
2 3 1
2 1 3
3 2 1
3 1 2
1 2 3
1 2 3
3 2 1
2 3 1
2 1 3
3 2 1
3 1 2
1 2 3
1 2 3
3 2 1
2 3 1
2 1 3
3 2 1
3 1 2
1 2 3
1 2 3
3 2 1
2 3 1
2 1 3
3 2 1
3 1 2
3 1 2
1 2 3
1 2 3
3 2 1
2 3 1
2 1 3
3 2 1
3 1 2
1 2 3
1 2 3
3 2 1
2 3 1
2 1 3
3 2 1
3 1 2
1 2 3
1 2 3
3 2 1
2 3 1
2 1 3
3 2 1
3 1 2
1 2 3
1 2 3
3 2 1
2 3 1
2 1 3
3 2 1
3 1 2
3 1 2
1 2 3
1 2 3
3 2 1
2 3 1
2 1 3
3 2 1
3 1 2
1 2 3
1 2 3
3 2 1
2 3 1
2 1 3
3 2 1
3 1 2
1 2 3
1 2 3
3 2 1
2 3 1
2 1 3
3 2 1
3 1 2
1 2 3
1 2 3
3 2 1
2 3 1
2 1 3
3 2 1
3 1 2